HMMER3/f [3.1b1 | May 2013]
NAME  vgrg_frag
LENG  183
ALPH  amino
RF    no
MM    no
CONS  yes
CS    no
MAP   yes
DATE  Sat Feb 27 10:55:27 2016
NSEQ  4
EFFN  0.566406
CKSUM 2994097573
STATS LOCAL MSV      -10.3338  0.70651
STATS LOCAL VITERBI  -11.2525  0.70651
STATS LOCAL FORWARD   -4.5807  0.70651
HMM          A        C        D        E        F        G        H        I        K        L        M        N        P        Q        R        S        T        V        W        Y   
            m->m     m->i     m->d     i->m     i->i     d->m     d->d
  COMPO   2.42621  4.25526  3.02182  2.66556  3.62012  2.42980  3.63141  2.80383  2.71360  2.51293  3.76734  3.08440  3.37063  3.10999  3.15014  2.60860  2.83923  2.52142  5.14735  3.86353
          2.68618  4.42225  2.77519  2.73123  3.46354  2.40513  3.72494  3.29354  2.67741  2.69355  4.24690  2.90347  2.73739  3.18146  2.89801  2.37887  2.77519  2.98518  4.58477  3.61503
          0.23538  3.92034  1.66127  0.61958  0.77255  0.00000        *
      1   2.85790  4.43388  3.88857  3.47651  3.15549  3.71956  4.24701  2.31673  3.25037  1.77947  1.70361  3.77084  4.18483  3.64590  3.47228  3.18843  3.16314  2.30348  4.97240  3.71694      1 m - - -
          2.68618  4.42225  2.77519  2.73123  3.46354  2.40513  3.72494  3.29354  2.67741  2.69355  4.24690  2.90347  2.73739  3.18146  2.89801  2.37887  2.77519  2.98518  4.58477  3.61503
          0.03661  3.72156  4.44391  0.61958  0.77255  0.64505  0.74367
      2   2.91264  4.38284  4.10542  3.72149  3.27921  3.88946  4.48188  1.28906  3.54579  1.90571  3.24756  3.98795  4.34186  3.91418  3.75986  3.37614  3.21754  1.86452  5.13311  3.85309      2 i - - -
          2.68618  4.42225  2.77519  2.73123  3.46354  2.40513  3.72494  3.29354  2.67741  2.69355  4.24690  2.90347  2.73739  3.18146  2.89801  2.37887  2.77519  2.98518  4.58477  3.61503
          0.03661  3.72156  4.44391  0.61958  0.77255  0.64505  0.74367
      3   2.83315  4.89374  2.44599  1.26361  4.22302  3.18396  3.76721  3.64678  2.62921  3.29200  4.28021  2.86773  3.78358  2.99104  3.01635  2.83614  3.13885  3.34918  5.42424  4.15430      3 e - - -
          2.68618  4.42225  2.77519  2.73123  3.46354  2.40513  3.72494  3.29354  2.67741  2.69355  4.24690  2.90347  2.73739  3.18146  2.89801  2.37887  2.77519  2.98518  4.58477  3.61503
          0.03661  3.72156  4.44391  0.61958  0.77255  0.64505  0.74367
      4   2.60743  4.58756  2.64580  2.51939  3.92795  3.08937  3.81701  3.61192  2.71151  3.27867  4.24025  1.45821  3.73711  3.09537  3.05587  2.68424  2.98788  3.24974  5.25272  3.89156      4 n - - -
          2.68618  4.42225  2.77519  2.73123  3.46354  2.40513  3.72494  3.29354  2.67741  2.69355  4.24690  2.90347  2.73739  3.18146  2.89801  2.37887  2.77519  2.98518  4.58477  3.61503
          0.03661  3.72156  4.44391  0.61958  0.77255  0.64505  0.74367
      5   2.83658  4.92104  1.16265  2.26559  4.28059  3.10435  3.81497  3.83655  2.87343  3.47572  4.45743  2.81107  3.74755  3.05928  3.36275  2.82148  3.17462  3.49451  5.47845  4.18758      5 d - - -
          2.68618  4.42225  2.77519  2.73123  3.46354  2.40513  3.72494  3.29354  2.67741  2.69355  4.24690  2.90347  2.73739  3.18146  2.89801  2.37887  2.77519  2.98518  4.58477  3.61503
          0.03661  3.72156  4.44391  0.61958  0.77255  0.64505  0.74367
      6   2.84919  4.68278  2.99642  2.74786  3.19198  3.33073  1.50685  3.52736  2.59596  3.03815  4.07466  3.16068  3.87868  3.11415  2.86748  2.92325  3.15027  3.26612  4.65824  3.14860      6 h - - -
          2.68618  4.42225  2.77519  2.73123  3.46354  2.40513  3.72494  3.29354  2.67741  2.69355  4.24690  2.90347  2.73739  3.18146  2.89801  2.37887  2.77519  2.98518  4.58477  3.61503
          0.03661  3.72156  4.44391  0.61958  0.77255  0.64505  0.74367
      7   2.34330  4.18550  3.30401  3.05726  3.84455  3.02752  4.08473  2.95397  2.99710  2.82220  3.88882  3.28678  3.72185  3.40161  3.25903  2.54363  1.45798  2.66559  5.29656  4.06323      7 t - - -
          2.68618  4.42225  2.77519  2.73123  3.46354  2.40513  3.72494  3.29354  2.67741  2.69355  4.24690  2.90347  2.73739  3.18146  2.89801  2.37887  2.77519  2.98518  4.58477  3.61503
          0.03661  3.72156  4.44391  0.61958  0.77255  0.64505  0.74367
      8   2.34330  4.18550  3.30401  3.05726  3.84455  3.02752  4.08473  2.95397  2.99710  2.82220  3.88882  3.28678  3.72185  3.40161  3.25903  2.54363  1.45798  2.66559  5.29656  4.06323      8 t - - -
          2.68618  4.42225  2.77519  2.73123  3.46354  2.40513  3.72494  3.29354  2.67741  2.69355  4.24690  2.90347  2.73739  3.18146  2.89801  2.37887  2.77519  2.98518  4.58477  3.61503
          0.03661  3.72156  4.44391  0.61958  0.77255  0.64505  0.74367
      9   2.68940  4.28080  3.90888  3.57450  3.44632  3.55875  4.40419  2.08353  3.43942  2.16578  3.44255  3.78630  4.13269  3.81340  3.66490  3.05845  3.05794  1.24233  5.20242  3.92120      9 v - - -
          2.68618  4.42225  2.77519  2.73123  3.46354  2.40513  3.72494  3.29354  2.67741  2.69355  4.24690  2.90347  2.73739  3.18146  2.89801  2.37887  2.77519  2.98518  4.58477  3.61503
          0.03661  3.72156  4.44391  0.61958  0.77255  0.64505  0.74367
     10   2.91264  4.38284  4.10542  3.72149  3.27921  3.88946  4.48188  1.28906  3.54579  1.90571  3.24756  3.98795  4.34186  3.91418  3.75986  3.37614  3.21754  1.86452  5.13311  3.85309     10 i - - -
          2.68618  4.42225  2.77519  2.73123  3.46354  2.40513  3.72494  3.29354  2.67741  2.69355  4.24690  2.90347  2.73739  3.18146  2.89801  2.37887  2.77519  2.98518  4.58477  3.61503
          0.03661  3.72156  4.44391  0.61958  0.77255  0.64505  0.74367
     11   2.84474  4.68159  3.32095  2.87367  3.99767  3.35291  3.73461  3.53441  2.20702  3.07865  4.08966  3.24170  3.86899  2.96855  1.23889  2.94011  3.12518  3.26663  5.14635  3.96446     11 r - - -
          2.68618  4.42225  2.77519  2.73123  3.46354  2.40513  3.72494  3.29354  2.67741  2.69355  4.24690  2.90347  2.73739  3.18146  2.89801  2.37887  2.77519  2.98518  4.58477  3.61503
          0.03661  3.72156  4.44391  0.61958  0.77255  0.64505  0.74367
     12   2.84919  4.68278  2.99642  2.74786  3.19198  3.33073  1.50685  3.52736  2.59596  3.03815  4.07466  3.16068  3.87868  3.11415  2.86748  2.92325  3.15027  3.26612  4.65824  3.14860     12 h - - -
          2.68618  4.42225  2.77519  2.73123  3.46354  2.40513  3.72494  3.29354  2.67741  2.69355  4.24690  2.90347  2.73739  3.18146  2.89801  2.37887  2.77519  2.98518  4.58477  3.61503
          0.03661  3.72156  4.44391  0.61958  0.77255  0.64505  0.74367
     13   2.83658  4.92104  1.16265  2.26559  4.28059  3.10435  3.81497  3.83655  2.87343  3.47572  4.45743  2.81107  3.74755  3.05928  3.36275  2.82148  3.17462  3.49451  5.47845  4.18758     13 d - - -
          2.68618  4.42225  2.77519  2.73123  3.46354  2.40513  3.72494  3.29354  2.67741  2.69355  4.24690  2.90347  2.73739  3.18146  2.89801  2.37887  2.77519  2.98518  4.58477  3.61503
          0.03661  3.72156  4.44391  0.61958  0.77255  0.64505  0.74367
     14   2.77269  4.74076  2.81667  2.57663  3.88657  3.27171  3.73089  3.50062  2.41042  3.01757  4.05744  3.03203  3.82792  1.53172  2.69457  2.83053  3.07352  3.24219  5.18998  3.87541     14 q - - -
          2.68618  4.42225  2.77519  2.73123  3.46354  2.40513  3.72494  3.29354  2.67741  2.69355  4.24690  2.90347  2.73739  3.18146  2.89801  2.37887  2.77519  2.98518  4.58477  3.61503
          0.03661  3.72156  4.44391  0.61958  0.77255  0.64505  0.74367
     15   2.84919  4.68278  2.99642  2.74786  3.19198  3.33073  1.50685  3.52736  2.59596  3.03815  4.07466  3.16068  3.87868  3.11415  2.86748  2.92325  3.15027  3.26612  4.65824  3.14860     15 h - - -
          2.68618  4.42225  2.77519  2.73123  3.46354  2.40513  3.72494  3.29354  2.67741  2.69355  4.24690  2.90347  2.73739  3.18146  2.89801  2.37887  2.77519  2.98518  4.58477  3.61503
          0.03661  3.72156  4.44391  0.61958  0.77255  0.64505  0.74367
     16   2.99042  4.50143  3.94174  3.58840  3.08917  3.78164  4.29160  2.29475  3.35732  1.08800  3.17295  3.87733  4.24821  3.76249  3.55522  3.34516  3.29461  2.29132  4.90631  3.59268     16 l - - -
          2.68618  4.42225  2.77519  2.73123  3.46354  2.40513  3.72494  3.29354  2.67741  2.69355  4.24690  2.90347  2.73739  3.18146  2.89801  2.37887  2.77519  2.98518  4.58477  3.61503
          0.03661  3.72156  4.44391  0.61958  0.77255  0.64505  0.74367
     17   2.34330  4.18550  3.30401  3.05726  3.84455  3.02752  4.08473  2.95397  2.99710  2.82220  3.88882  3.28678  3.72185  3.40161  3.25903  2.54363  1.45798  2.66559  5.29656  4.06323     17 t - - -
          2.68618  4.42225  2.77519  2.73123  3.46354  2.40513  3.72494  3.29354  2.67741  2.69355  4.24690  2.90347  2.73739  3.18146  2.89801  2.37887  2.77519  2.98518  4.58477  3.61503
          0.03661  3.72156  4.44391  0.61958  0.77255  0.64505  0.74367
     18   2.68940  4.28080  3.90888  3.57450  3.44632  3.55875  4.40419  2.08353  3.43942  2.16578  3.44255  3.78630  4.13269  3.81340  3.66490  3.05845  3.05794  1.24233  5.20242  3.92120     18 v - - -
          2.68618  4.42225  2.77519  2.73123  3.46354  2.40513  3.72494  3.29354  2.67741  2.69355  4.24690  2.90347  2.73739  3.18146  2.89801  2.37887  2.77519  2.98518  4.58477  3.61503
          0.03661  3.72156  4.44391  0.61958  0.77255  0.64505  0.74367
     19   2.83315  4.89374  2.44599  1.26361  4.22302  3.18396  3.76721  3.64678  2.62921  3.29200  4.28021  2.86773  3.78358  2.99104  3.01635  2.83614  3.13885  3.34918  5.42424  4.15430     19 e - - -
          2.68618  4.42225  2.77519  2.73123  3.46354  2.40513  3.72494  3.29354  2.67741  2.69355  4.24690  2.90347  2.73739  3.18146  2.89801  2.37887  2.77519  2.98518  4.58477  3.61503
          0.03661  3.72156  4.44391  0.61958  0.77255  0.64505  0.74367
     20   2.60743  4.58756  2.64580  2.51939  3.92795  3.08937  3.81701  3.61192  2.71151  3.27867  4.24025  1.45821  3.73711  3.09537  3.05587  2.68424  2.98788  3.24974  5.25272  3.89156     20 n - - -
          2.68618  4.42225  2.77519  2.73123  3.46354  2.40513  3.72494  3.29354  2.67741  2.69355  4.24690  2.90347  2.73739  3.18146  2.89801  2.37887  2.77519  2.98518  4.58477  3.61503
          0.03661  3.72156  4.44391  0.61958  0.77255  0.64505  0.74367
     21   2.83658  4.92104  1.16265  2.26559  4.28059  3.10435  3.81497  3.83655  2.87343  3.47572  4.45743  2.81107  3.74755  3.05928  3.36275  2.82148  3.17462  3.49451  5.47845  4.18758     21 d - - -
          2.68618  4.42225  2.77519  2.73123  3.46354  2.40513  3.72494  3.29354  2.67741  2.69355  4.24690  2.90347  2.73739  3.18146  2.89801  2.37887  2.77519  2.98518  4.58477  3.61503
          0.03661  3.72156  4.44391  0.61958  0.77255  0.64505  0.74367
     22   2.77269  4.74076  2.81667  2.57663  3.88657  3.27171  3.73089  3.50062  2.41042  3.01757  4.05744  3.03203  3.82792  1.53172  2.69457  2.83053  3.07352  3.24219  5.18998  3.87541     22 q - - -
          2.68618  4.42225  2.77519  2.73123  3.46354  2.40513  3.72494  3.29354  2.67741  2.69355  4.24690  2.90347  2.73739  3.18146  2.89801  2.37887  2.77519  2.98518  4.58477  3.61503
          0.03661  3.72156  4.44391  0.61958  0.77255  0.64505  0.74367
     23   3.07429  4.52377  4.02718  3.71894  1.29714  3.78774  3.82689  2.62365  3.63095  2.03294  3.38149  3.85147  4.25491  3.84314  3.78803  3.34835  3.37804  2.60177  4.13261  2.52342     23 f - - -
          2.68618  4.42225  2.77519  2.73123  3.46354  2.40513  3.72494  3.29354  2.67741  2.69355  4.24690  2.90347  2.73739  3.18146  2.89801  2.37887  2.77519  2.98518  4.58477  3.61503
          0.03661  3.72156  4.44391  0.61958  0.77255  0.64505  0.74367
     24   2.34330  4.18550  3.30401  3.05726  3.84455  3.02752  4.08473  2.95397  2.99710  2.82220  3.88882  3.28678  3.72185  3.40161  3.25903  2.54363  1.45798  2.66559  5.29656  4.06323     24 t - - -
          2.68618  4.42225  2.77519  2.73123  3.46354  2.40513  3.72494  3.29354  2.67741  2.69355  4.24690  2.90347  2.73739  3.18146  2.89801  2.37887  2.77519  2.98518  4.58477  3.61503
          0.03661  3.72156  4.44391  0.61958  0.77255  0.64505  0.74367
     25   2.77269  4.74076  2.81667  2.57663  3.88657  3.27171  3.73089  3.50062  2.41042  3.01757  4.05744  3.03203  3.82792  1.53172  2.69457  2.83053  3.07352  3.24219  5.18998  3.87541     25 q - - -
          2.68618  4.42225  2.77519  2.73123  3.46354  2.40513  3.72494  3.29354  2.67741  2.69355  4.24690  2.90347  2.73739  3.18146  2.89801  2.37887  2.77519  2.98518  4.58477  3.61503
          0.03661  3.72156  4.44391  0.61958  0.77255  0.64505  0.74367
     26   2.91264  4.38284  4.10542  3.72149  3.27921  3.88946  4.48188  1.28906  3.54579  1.90571  3.24756  3.98795  4.34186  3.91418  3.75986  3.37614  3.21754  1.86452  5.13311  3.85309     26 i - - -
          2.68618  4.42225  2.77519  2.73123  3.46354  2.40513  3.72494  3.29354  2.67741  2.69355  4.24690  2.90347  2.73739  3.18146  2.89801  2.37887  2.77519  2.98518  4.58477  3.61503
          0.03661  3.72156  4.44391  0.61958  0.77255  0.64505  0.74367
     27   2.84132  4.78528  3.00701  2.66607  4.13672  3.33994  3.69233  3.55803  1.26850  3.16014  4.13662  3.09480  3.85673  2.89767  2.42842  2.89732  3.10973  3.27665  5.25945  4.05255     27 k - - -
          2.68618  4.42225  2.77519  2.73123  3.46354  2.40513  3.72494  3.29354  2.67741  2.69355  4.24690  2.90347  2.73739  3.18146  2.89801  2.37887  2.77519  2.98518  4.58477  3.61503
          0.03661  3.72156  4.44391  0.61958  0.77255  0.64505  0.74367
     28   2.84919  4.68278  2.99642  2.74786  3.19198  3.33073  1.50685  3.52736  2.59596  3.03815  4.07466  3.16068  3.87868  3.11415  2.86748  2.92325  3.15027  3.26612  4.65824  3.14860     28 h - - -
          2.68618  4.42225  2.77519  2.73123  3.46354  2.40513  3.72494  3.29354  2.67741  2.69355  4.24690  2.90347  2.73739  3.18146  2.89801  2.37887  2.77519  2.98518  4.58477  3.61503
          0.03661  3.72156  4.44391  0.61958  0.77255  0.64505  0.74367
     29   2.60743  4.58756  2.64580  2.51939  3.92795  3.08937  3.81701  3.61192  2.71151  3.27867  4.24025  1.45821  3.73711  3.09537  3.05587  2.68424  2.98788  3.24974  5.25272  3.89156     29 n - - -
          2.68618  4.42225  2.77519  2.73123  3.46354  2.40513  3.72494  3.29354  2.67741  2.69355  4.24690  2.90347  2.73739  3.18146  2.89801  2.37887  2.77519  2.98518  4.58477  3.61503
          0.03661  3.72156  4.44391  0.61958  0.77255  0.64505  0.74367
     30   2.77269  4.74076  2.81667  2.57663  3.88657  3.27171  3.73089  3.50062  2.41042  3.01757  4.05744  3.03203  3.82792  1.53172  2.69457  2.83053  3.07352  3.24219  5.18998  3.87541     30 q - - -
          2.68618  4.42225  2.77519  2.73123  3.46354  2.40513  3.72494  3.29354  2.67741  2.69355  4.24690  2.90347  2.73739  3.18146  2.89801  2.37887  2.77519  2.98518  4.58477  3.61503
          0.03661  3.72156  4.44391  0.61958  0.77255  0.64505  0.74367
     31   2.84919  4.68278  2.99642  2.74786  3.19198  3.33073  1.50685  3.52736  2.59596  3.03815  4.07466  3.16068  3.87868  3.11415  2.86748  2.92325  3.15027  3.26612  4.65824  3.14860     31 h - - -
          2.68618  4.42225  2.77519  2.73123  3.46354  2.40513  3.72494  3.29354  2.67741  2.69355  4.24690  2.90347  2.73739  3.18146  2.89801  2.37887  2.77519  2.98518  4.58477  3.61503
          0.03661  3.72156  4.44391  0.61958  0.77255  0.64505  0.74367
     32   2.99042  4.50143  3.94174  3.58840  3.08917  3.78164  4.29160  2.29475  3.35732  1.08800  3.17295  3.87733  4.24821  3.76249  3.55522  3.34516  3.29461  2.29132  4.90631  3.59268     32 l - - -
          2.68618  4.42225  2.77519  2.73123  3.46354  2.40513  3.72494  3.29354  2.67741  2.69355  4.24690  2.90347  2.73739  3.18146  2.89801  2.37887  2.77519  2.98518  4.58477  3.61503
          0.03661  3.72156  4.44391  0.61958  0.77255  0.64505  0.74367
     33   2.34330  4.18550  3.30401  3.05726  3.84455  3.02752  4.08473  2.95397  2.99710  2.82220  3.88882  3.28678  3.72185  3.40161  3.25903  2.54363  1.45798  2.66559  5.29656  4.06323     33 t - - -
          2.68618  4.42225  2.77519  2.73123  3.46354  2.40513  3.72494  3.29354  2.67741  2.69355  4.24690  2.90347  2.73739  3.18146  2.89801  2.37887  2.77519  2.98518  4.58477  3.61503
          0.03661  3.72156  4.44391  0.61958  0.77255  0.39767  1.11439
     34   2.92792  4.38288  4.32810  3.80593  3.28599  4.05688  4.51806  2.03093  3.65607  1.83447  2.15407  4.07068  4.42108  3.93381  3.87435  3.41032  3.19530  1.46016  5.15420  3.97310     34 v - - -
          2.68618  4.42225  2.77519  2.73123  3.46354  2.40513  3.72494  3.29354  2.67741  2.69355  4.24690  2.90347  2.73739  3.18146  2.89801  2.37887  2.77519  2.98518  4.58477  3.61503
          0.02991  3.92034  4.64268  0.61958  0.77255  0.48576  0.95510
     35   2.99334  5.11442  2.50767  0.95923  4.46662  3.30483  3.89561  3.93001  2.78214  3.53939  4.51117  2.95994  3.91164  3.11018  3.19604  2.97079  3.29789  3.60886  5.62918  4.35128     35 e - - -
          2.68618  4.42225  2.77519  2.73123  3.46354  2.40513  3.72494  3.29354  2.67741  2.69355  4.24690  2.90347  2.73739  3.18146  2.89801  2.37887  2.77519  2.98518  4.58477  3.61503
          0.02991  3.92034  4.64268  0.61958  0.77255  0.48576  0.95510
     36   2.72466  4.49552  3.40824  3.31364  4.45539  0.65893  4.43114  4.06651  3.50144  3.71468  4.69069  3.57249  3.88820  3.82178  3.73237  2.89791  3.20961  3.58558  5.53805  4.55885     36 G - - -
          2.68618  4.42225  2.77519  2.73123  3.46354  2.40513  3.72494  3.29354  2.67741  2.69355  4.24690  2.90347  2.73739  3.18146  2.89801  2.37887  2.77519  2.98518  4.58477  3.61503
          0.02991  3.92034  4.64268  0.61958  0.77255  0.48576  0.95510
     37   2.99334  5.11442  2.50767  0.95923  4.46662  3.30483  3.89561  3.93001  2.78214  3.53939  4.51117  2.95994  3.91164  3.11018  3.19604  2.97079  3.29789  3.60886  5.62918  4.35128     37 e - - -
          2.68618  4.42225  2.77519  2.73123  3.46354  2.40513  3.72494  3.29354  2.67741  2.69355  4.24690  2.90347  2.73739  3.18146  2.89801  2.37887  2.77519  2.98518  4.58477  3.61503
          0.02991  3.92034  4.64268  0.61958  0.77255  0.48576  0.95510
     38   2.33853  4.25963  3.24797  3.06581  4.12392  2.98862  4.17442  3.65293  3.14280  3.36943  4.29143  3.28304  3.73133  3.48836  3.42746  1.02114  2.82221  3.17757  5.49256  4.20766     38 s - - -
          2.68618  4.42225  2.77519  2.73123  3.46354  2.40513  3.72494  3.29354  2.67741  2.69355  4.24690  2.90347  2.73739  3.18146  2.89801  2.37887  2.77519  2.98518  4.58477  3.61503
          0.02991  3.92034  4.64268  0.61958  0.77255  0.48576  0.95510
     39   3.05932  4.89538  3.55484  3.05577  4.26208  3.53832  3.85880  3.80698  2.25650  3.31421  4.31301  3.41192  4.03846  3.07664  0.90773  3.14110  3.32194  3.52883  5.32565  4.17890     39 r - - -
          2.68618  4.42225  2.77519  2.73123  3.46354  2.40513  3.72494  3.29354  2.67741  2.69355  4.24690  2.90347  2.73739  3.18146  2.89801  2.37887  2.77519  2.98518  4.58477  3.61503
          0.02991  3.92034  4.64268  0.61958  0.77255  0.48576  0.95510
     40   2.65005  4.77454  2.67886  1.83460  4.18525  3.27301  3.74900  3.48856  2.56846  3.18384  4.06738  2.92491  3.81667  2.93258  2.98183  2.69445  1.96200  3.16536  5.46562  4.13660     40 e - - -
          2.68618  4.42225  2.77519  2.73123  3.46354  2.40513  3.72494  3.29354  2.67741  2.69355  4.24690  2.90347  2.73739  3.18146  2.89801  2.37887  2.77519  2.98518  4.58477  3.61503
          0.02991  3.92034  4.64268  0.61958  0.77255  0.48576  0.95510
     41   1.90670  4.33146  3.74728  3.31548  3.46298  3.54610  4.19405  2.43535  3.18865  1.57739  3.40728  3.60032  4.07348  3.54640  3.46087  2.93854  2.98366  2.29845  5.13978  3.89720     41 l - - -
          2.68618  4.42225  2.77519  2.73123  3.46354  2.40513  3.72494  3.29354  2.67741  2.69355  4.24690  2.90347  2.73739  3.18146  2.89801  2.37887  2.77519  2.98518  4.58477  3.61503
          0.02991  3.92034  4.64268  0.61958  0.77255  0.48576  0.95510
     42   2.84580  4.37504  4.19158  3.85608  3.58501  3.77342  4.64950  2.04795  3.72458  2.26366  3.54279  4.03825  4.33118  4.08089  3.93249  3.27987  3.20613  0.96667  5.37757  4.11220     42 v - - -
          2.68618  4.42225  2.77519  2.73123  3.46354  2.40513  3.72494  3.29354  2.67741  2.69355  4.24690  2.90347  2.73739  3.18146  2.89801  2.37887  2.77519  2.98518  4.58477  3.61503
          0.02991  3.92034  4.64268  0.61958  0.77255  0.48576  0.95510
     43   2.66833  4.72534  3.05435  2.61918  4.16967  3.36632  3.70849  3.47585  1.67976  3.13348  4.01594  3.06214  3.85906  2.88279  2.60095  2.73731  2.10464  3.15871  5.37071  4.10487     43 k - - -
          2.68618  4.42225  2.77519  2.73123  3.46354  2.40513  3.72494  3.29354  2.67741  2.69355  4.24690  2.90347  2.73739  3.18146  2.89801  2.37887  2.77519  2.98518  4.58477  3.61503
          0.02991  3.92034  4.64268  0.61958  0.77255  0.48576  0.95510
     44   2.57999  4.36106  3.41602  3.04795  3.59869  2.06295  4.01497  2.89422  2.97433  1.67092  3.66488  3.37581  3.92226  3.35273  3.27073  2.78762  2.92707  2.67935  5.10405  3.82490     44 l - - -
          2.68618  4.42225  2.77519  2.73123  3.46354  2.40513  3.72494  3.29354  2.67741  2.69355  4.24690  2.90347  2.73739  3.18146  2.89801  2.37887  2.77519  2.98518  4.58477  3.61503
          0.02991  3.92034  4.64268  0.61958  0.77255  0.48576  0.95510
     45   2.91427  5.45655  1.48657  1.55460  4.74215  3.19212  3.73746  4.25139  2.75232  3.76740  4.62680  2.66154  3.81338  2.90654  3.34052  2.80196  3.20346  3.83469  5.92220  4.42891     45 d - - -
          2.68618  4.42225  2.77519  2.73123  3.46354  2.40513  3.72494  3.29354  2.67741  2.69355  4.24690  2.90347  2.73739  3.18146  2.89801  2.37887  2.77519  2.98518  4.58477  3.61503
          0.02991  3.92034  4.64268  0.61958  0.77255  0.48576  0.95510
     46   2.53037  2.21263  3.38973  2.92815  3.69118  3.32652  3.88321  3.05140  2.71525  2.75815  3.71096  3.27360  3.86574  2.12123  3.01121  2.70917  2.85822  2.78807  5.10829  3.84098     46 q - - -
          2.68618  4.42225  2.77519  2.73123  3.46354  2.40513  3.72494  3.29354  2.67741  2.69355  4.24690  2.90347  2.73739  3.18146  2.89801  2.37887  2.77519  2.98518  4.58477  3.61503
          0.02991  3.92034  4.64268  0.61958  0.77255  0.48576  0.95510
     47   2.36153  4.18996  3.52855  3.14512  3.77914  3.16320  4.10317  2.86032  3.09140  2.80015  3.77495  3.36910  3.81395  3.42586  3.38905  1.71064  2.77269  1.82817  5.26529  4.00496     47 s - - -
          2.68618  4.42225  2.77519  2.73123  3.46354  2.40513  3.72494  3.29354  2.67741  2.69355  4.24690  2.90347  2.73739  3.18146  2.89801  2.37887  2.77519  2.98518  4.58477  3.61503
          0.02991  3.92034  4.64268  0.61958  0.77255  0.48576  0.95510
     48   2.51617  4.32846  3.41132  3.00345  3.55391  3.32837  3.95848  2.87382  2.90221  1.89699  3.63913  3.32645  3.89234  3.28621  3.20834  1.82964  2.86398  2.64721  5.07217  3.75381     48 s - - -
          2.68618  4.42225  2.77519  2.73123  3.46354  2.40513  3.72494  3.29354  2.67741  2.69355  4.24690  2.90347  2.73739  3.18146  2.89801  2.37887  2.77519  2.98518  4.58477  3.61503
          0.02991  3.92034  4.64268  0.61958  0.77255  0.48576  0.95510
     49   2.68510  4.91317  2.49551  1.64960  4.35150  3.22215  3.73566  3.79063  2.59226  3.39250  4.24315  2.83561  3.79611  2.91097  3.04137  1.94668  2.99219  3.41056  5.58813  4.21313     49 e - - -
          2.68618  4.42225  2.77519  2.73123  3.46354  2.40513  3.72494  3.29354  2.67741  2.69355  4.24690  2.90347  2.73739  3.18146  2.89801  2.37887  2.77519  2.98518  4.58477  3.61503
          0.02991  3.92034  4.64268  0.61958  0.77255  0.48576  0.95510
     50   3.06834  4.47367  4.40374  4.02127  3.40641  4.11821  4.74045  1.02057  3.85033  1.98258  3.33423  4.25989  4.54475  4.19364  4.04142  3.61806  3.36662  1.84761  5.30719  4.04968     50 i - - -
          2.68618  4.42225  2.77519  2.73123  3.46354  2.40513  3.72494  3.29354  2.67741  2.69355  4.24690  2.90347  2.73739  3.18146  2.89801  2.37887  2.77519  2.98518  4.58477  3.61503
          0.02991  3.92034  4.64268  0.61958  0.77255  0.48576  0.95510
     51   2.74691  4.95204  2.45745  1.65796  4.44214  1.86450  3.79290  3.89573  2.68892  3.48808  4.35066  2.85173  3.81439  2.97943  3.14517  2.74563  3.06603  3.50555  5.64622  4.30084     51 e - - -
          2.68618  4.42225  2.77519  2.73123  3.46354  2.40513  3.72494  3.29354  2.67741  2.69355  4.24690  2.90347  2.73739  3.18146  2.89801  2.37887  2.77519  2.98518  4.58477  3.61503
          0.02991  3.92034  4.64268  0.61958  0.77255  0.48576  0.95510
     52   2.72466  4.49552  3.40824  3.31364  4.45539  0.65893  4.43114  4.06651  3.50144  3.71468  4.69069  3.57249  3.88820  3.82178  3.73237  2.89791  3.20961  3.58558  5.53805  4.55885     52 G - - -
          2.68618  4.42225  2.77519  2.73123  3.46354  2.40513  3.72494  3.29354  2.67741  2.69355  4.24690  2.90347  2.73739  3.18146  2.89801  2.37887  2.77519  2.98518  4.58477  3.61503
          0.02991  3.92034  4.64268  0.61958  0.77255  0.48576  0.95510
     53   2.33853  4.25963  3.24797  3.06581  4.12392  2.98862  4.17442  3.65293  3.14280  3.36943  4.29143  3.28304  3.73133  3.48836  3.42746  1.02114  2.82221  3.17757  5.49256  4.20766     53 s - - -
          2.68618  4.42225  2.77519  2.73123  3.46354  2.40513  3.72494  3.29354  2.67741  2.69355  4.24690  2.90347  2.73739  3.18146  2.89801  2.37887  2.77519  2.98518  4.58477  3.61503
          0.02991  3.92034  4.64268  0.61958  0.77255  0.48576  0.95510
     54   3.20887  4.65688  4.26634  3.90629  3.15389  4.04295  4.54700  2.36043  3.67357  0.81846  3.16169  4.17713  4.47001  4.03045  3.84186  3.61922  3.50090  2.41021  5.05066  3.78507     54 l - - -
          2.68618  4.42225  2.77519  2.73123  3.46354  2.40513  3.72494  3.29354  2.67741  2.69355  4.24690  2.90347  2.73739  3.18146  2.89801  2.37887  2.77519  2.98518  4.58477  3.61503
          0.02991  3.92034  4.64268  0.61958  0.77255  0.48576  0.95510
     55   2.81111  4.97628  2.84937  2.48531  3.93565  3.43111  2.34736  3.71252  2.26752  3.23188  4.11213  2.97661  3.89012  1.93086  2.58831  2.81410  3.04483  3.39464  5.21554  3.80272     55 q - - -
          2.68618  4.42225  2.77519  2.73123  3.46354  2.40513  3.72494  3.29354  2.67741  2.69355  4.24690  2.90347  2.73739  3.18146  2.89801  2.37887  2.77519  2.98518  4.58477  3.61503
          0.02991  3.92034  4.64268  0.61958  0.77255  0.48576  0.95510
     56   2.66525  4.54928  3.21246  2.77791  3.70323  3.46229  3.82999  2.91125  2.60369  2.63309  3.67235  3.20588  3.93505  2.05269  2.92744  2.81210  2.94315  2.01995  5.16425  3.86912     56 v - - -
          2.68618  4.42225  2.77519  2.73123  3.46354  2.40513  3.72494  3.29354  2.67741  2.69355  4.24690  2.90347  2.73739  3.18146  2.89801  2.37887  2.77519  2.98518  4.58477  3.61503
          0.02991  3.92034  4.64268  0.61958  0.77255  0.48576  0.95510
     57   3.01568  4.98158  3.19487  2.80725  4.37894  3.50011  3.78555  3.81117  0.97467  3.36577  4.32455  3.22965  3.99700  2.97424  2.44057  3.05447  3.26534  3.51622  5.41386  4.23347     57 k - - -
          2.68618  4.42225  2.77519  2.73123  3.46354  2.40513  3.72494  3.29354  2.67741  2.69355  4.24690  2.90347  2.73739  3.18146  2.89801  2.37887  2.77519  2.98518  4.58477  3.61503
          0.02991  3.92034  4.64268  0.61958  0.77255  0.48576  0.95510
     58   2.70685  4.29457  3.93589  3.46661  3.51827  3.70456  4.31275  1.57325  3.33861  2.25286  3.41879  3.74392  4.18778  3.68209  3.60581  3.07705  2.11036  1.98131  5.20773  3.98103     58 i - - -
          2.68618  4.42225  2.77519  2.73123  3.46354  2.40513  3.72494  3.29354  2.67741  2.69355  4.24690  2.90347  2.73739  3.18146  2.89801  2.37887  2.77519  2.98518  4.58477  3.61503
          0.02991  3.92034  4.64268  0.61958  0.77255  0.48576  0.95510
     59   2.72466  4.49552  3.40824  3.31364  4.45539  0.65893  4.43114  4.06651  3.50144  3.71468  4.69069  3.57249  3.88820  3.82178  3.73237  2.89791  3.20961  3.58558  5.53805  4.55885     59 G - - -
          2.68618  4.42225  2.77519  2.73123  3.46354  2.40513  3.72494  3.29354  2.67741  2.69355  4.24690  2.90347  2.73739  3.18146  2.89801  2.37887  2.77519  2.98518  4.58477  3.61503
          0.02991  3.92034  4.64268  0.61958  0.77255  0.48576  0.95510
     60   2.62982  4.73255  2.91374  2.54938  4.23209  3.29150  3.71696  3.65119  1.79615  3.25090  4.10305  3.00394  3.82126  2.89109  2.68856  1.84943  2.93221  3.28495  5.42577  4.13021     60 k - - -
          2.68618  4.42225  2.77519  2.73123  3.46354  2.40513  3.72494  3.29354  2.67741  2.69355  4.24690  2.90347  2.73739  3.18146  2.89801  2.37887  2.77519  2.98518  4.58477  3.61503
          0.02991  3.92034  4.64268  0.61958  0.77255  0.48576  0.95510
     61   2.69861  4.58828  3.28569  2.79227  3.84928  3.49648  3.79476  2.92003  1.78107  2.77457  3.75882  3.21303  3.94763  3.01060  2.73656  2.83961  2.96084  2.01458  5.22204  3.95898     61 k - - -
          2.68618  4.42225  2.77519  2.73123  3.46354  2.40513  3.72494  3.29354  2.67741  2.69355  4.24690  2.90347  2.73739  3.18146  2.89801  2.37887  2.77519  2.98518  4.58477  3.61503
          0.02991  3.92034  4.64268  0.61958  0.77255  0.48576  0.95510
     62   1.75619  4.29095  3.60998  3.14024  3.19068  3.43084  3.88358  2.87040  2.98665  2.54267  3.54489  3.42339  3.94558  3.35046  3.26027  2.80532  2.89229  2.65232  2.44559  3.32275     62 a - - -
          2.68618  4.42225  2.77519  2.73123  3.46354  2.40513  3.72494  3.29354  2.67741  2.69355  4.24690  2.90347  2.73739  3.18146  2.89801  2.37887  2.77519  2.98518  4.58477  3.61503
          0.02991  3.92034  4.64268  0.61958  0.77255  0.48576  0.95510
     63   3.03628  4.38310  4.65290  4.15789  3.49185  4.32749  4.88880  1.31085  4.03757  2.00281  3.31097  4.39305  4.65977  4.31267  4.24767  3.71162  3.30629  1.29077  5.44274  4.23505     63 v - - -
          2.68618  4.42225  2.77519  2.73123  3.46354  2.40513  3.72494  3.29354  2.67741  2.69355  4.24690  2.90347  2.73739  3.18146  2.89801  2.37887  2.77519  2.98518  4.58477  3.61503
          0.02991  3.92034  4.64268  0.61958  0.77255  0.48576  0.95510
     64   2.80120  4.68933  3.07377  2.74548  2.93271  3.50625  3.63274  3.33321  2.75654  2.92183  3.89127  2.12964  3.98226  3.12287  3.10740  2.88420  3.06905  3.08083  4.49423  1.89229     64 y - - -
          2.68618  4.42225  2.77519  2.73123  3.46354  2.40513  3.72494  3.29354  2.67741  2.69355  4.24690  2.90347  2.73739  3.18146  2.89801  2.37887  2.77519  2.98518  4.58477  3.61503
          0.02991  3.92034  4.64268  0.61958  0.77255  0.48576  0.95510
     65   2.91427  5.45655  1.48657  1.55460  4.74215  3.19212  3.73746  4.25139  2.75232  3.76740  4.62680  2.66154  3.81338  2.90654  3.34052  2.80196  3.20346  3.83469  5.92220  4.42891     65 d - - -
          2.68618  4.42225  2.77519  2.73123  3.46354  2.40513  3.72494  3.29354  2.67741  2.69355  4.24690  2.90347  2.73739  3.18146  2.89801  2.37887  2.77519  2.98518  4.58477  3.61503
          0.02991  3.92034  4.64268  0.61958  0.77255  0.48576  0.95510
     66   0.94694  4.21591  3.51112  3.30449  4.09997  3.03919  4.32089  3.23264  3.32197  3.11205  4.13854  3.44203  3.78292  3.65873  3.56928  2.56575  2.84641  2.87877  5.52234  4.32788     66 a - - -
          2.68618  4.42225  2.77519  2.73123  3.46354  2.40513  3.72494  3.29354  2.67741  2.69355  4.24690  2.90347  2.73739  3.18146  2.89801  2.37887  2.77519  2.98518  4.58477  3.61503
          0.02991  3.92034  4.64268  0.61958  0.77255  0.48576  0.95510
     67   2.72466  4.49552  3.40824  3.31364  4.45539  0.65893  4.43114  4.06651  3.50144  3.71468  4.69069  3.57249  3.88820  3.82178  3.73237  2.89791  3.20961  3.58558  5.53805  4.55885     67 G - - -
          2.68618  4.42225  2.77519  2.73123  3.46354  2.40513  3.72494  3.29354  2.67741  2.69355  4.24690  2.90347  2.73739  3.18146  2.89801  2.37887  2.77519  2.98518  4.58477  3.61503
          0.02991  3.92034  4.64268  0.61958  0.77255  0.48576  0.95510
     68   2.43841  4.28361  3.47049  3.22459  4.01104  3.12133  4.23827  3.14400  3.16851  3.00580  4.05317  3.42638  3.82882  3.56092  3.42496  2.64020  1.09331  2.83386  5.44464  4.22764     68 t - - -
          2.68618  4.42225  2.77519  2.73123  3.46354  2.40513  3.72494  3.29354  2.67741  2.69355  4.24690  2.90347  2.73739  3.18146  2.89801  2.37887  2.77519  2.98518  4.58477  3.61503
          0.02991  3.92034  4.64268  0.61958  0.77255  0.48576  0.95510
     69   2.99334  5.11442  2.50767  0.95923  4.46662  3.30483  3.89561  3.93001  2.78214  3.53939  4.51117  2.95994  3.91164  3.11018  3.19604  2.97079  3.29789  3.60886  5.62918  4.35128     69 e - - -
          2.68618  4.42225  2.77519  2.73123  3.46354  2.40513  3.72494  3.29354  2.67741  2.69355  4.24690  2.90347  2.73739  3.18146  2.89801  2.37887  2.77519  2.98518  4.58477  3.61503
          0.02991  3.92034  4.64268  0.61958  0.77255  0.48576  0.95510
     70   3.02978  4.37915  4.64259  4.14743  3.49925  4.31827  4.88176  1.38110  4.02805  2.01627  3.31975  4.38314  4.65380  4.30542  4.24044  3.70177  3.30044  1.22460  5.44402  4.23383     70 v - - -
          2.68618  4.42225  2.77519  2.73123  3.46354  2.40513  3.72494  3.29354  2.67741  2.69355  4.24690  2.90347  2.73739  3.18146  2.89801  2.37887  2.77519  2.98518  4.58477  3.61503
          0.02991  3.92034  4.64268  0.61958  0.77255  0.48576  0.95510
     71   3.04741  4.85658  3.17256  2.93723  3.31830  3.48799  1.04543  3.75774  2.77898  3.24574  4.29234  3.34466  4.04311  3.30405  3.04187  3.11763  3.35236  3.49194  4.78275  3.26779     71 h - - -
          2.68618  4.42225  2.77519  2.73123  3.46354  2.40513  3.72494  3.29354  2.67741  2.69355  4.24690  2.90347  2.73739  3.18146  2.89801  2.37887  2.77519  2.98518  4.58477  3.61503
          0.02991  3.92034  4.64268  0.61958  0.77255  0.48576  0.95510
     72   3.03022  4.45150  4.44406  3.94359  3.26317  4.18313  4.63958  1.98083  3.77874  1.32409  3.13114  4.20647  4.52815  4.05919  3.98538  3.55799  3.29822  1.49474  5.20155  3.99524     72 l - - -
          2.68618  4.42225  2.77519  2.73123  3.46354  2.40513  3.72494  3.29354  2.67741  2.69355  4.24690  2.90347  2.73739  3.18146  2.89801  2.37887  2.77519  2.98518  4.58477  3.61503
          0.02991  3.92034  4.64268  0.61958  0.77255  0.48576  0.95510
     73   3.01568  4.98158  3.19487  2.80725  4.37894  3.50011  3.78555  3.81117  0.97467  3.36577  4.32455  3.22965  3.99700  2.97424  2.44057  3.05447  3.26534  3.51622  5.41386  4.23347     73 k - - -
          2.68618  4.42225  2.77519  2.73123  3.46354  2.40513  3.72494  3.29354  2.67741  2.69355  4.24690  2.90347  2.73739  3.18146  2.89801  2.37887  2.77519  2.98518  4.58477  3.61503
          0.02991  3.92034  4.64268  0.61958  0.77255  0.48576  0.95510
     74   0.94694  4.21591  3.51112  3.30449  4.09997  3.03919  4.32089  3.23264  3.32197  3.11205  4.13854  3.44203  3.78292  3.65873  3.56928  2.56575  2.84641  2.87877  5.52234  4.32788     74 a - - -
          2.68618  4.42225  2.77519  2.73123  3.46354  2.40513  3.72494  3.29354  2.67741  2.69355  4.24690  2.90347  2.73739  3.18146  2.89801  2.37887  2.77519  2.98518  4.58477  3.61503
          0.02991  3.92034  4.64268  0.61958  0.77255  0.48576  0.95510
     75   2.72466  4.49552  3.40824  3.31364  4.45539  0.65893  4.43114  4.06651  3.50144  3.71468  4.69069  3.57249  3.88820  3.82178  3.73237  2.89791  3.20961  3.58558  5.53805  4.55885     75 G - - -
          2.68618  4.42225  2.77519  2.73123  3.46354  2.40513  3.72494  3.29354  2.67741  2.69355  4.24690  2.90347  2.73739  3.18146  2.89801  2.37887  2.77519  2.98518  4.58477  3.61503
          0.02991  3.92034  4.64268  0.61958  0.77255  0.48576  0.95510
     76   2.76750  5.01994  2.57022  2.34137  4.30862  3.30062  3.68293  3.85322  2.41431  3.39505  4.25179  1.90967  3.83463  2.03301  2.79630  2.75277  3.04065  3.48720  5.50937  4.13022     76 n - - -
          2.68618  4.42225  2.77519  2.73123  3.46354  2.40513  3.72494  3.29354  2.67741  2.69355  4.24690  2.90347  2.73739  3.18146  2.89801  2.37887  2.77519  2.98518  4.58477  3.61503
          0.02991  3.92034  4.64268  0.61958  0.77255  0.48576  0.95510
     77   3.01568  4.98158  3.19487  2.80725  4.37894  3.50011  3.78555  3.81117  0.97467  3.36577  4.32455  3.22965  3.99700  2.97424  2.44057  3.05447  3.26534  3.51622  5.41386  4.23347     77 k - - -
          2.68618  4.42225  2.77519  2.73123  3.46354  2.40513  3.72494  3.29354  2.67741  2.69355  4.24690  2.90347  2.73739  3.18146  2.89801  2.37887  2.77519  2.98518  4.58477  3.61503
          0.02991  3.92034  4.64268  0.61958  0.77255  0.48576  0.95510
     78   3.03022  4.45150  4.44406  3.94359  3.26317  4.18313  4.63958  1.98083  3.77874  1.32409  3.13114  4.20647  4.52815  4.05919  3.98538  3.55799  3.29822  1.49474  5.20155  3.99524     78 l - - -
          2.68618  4.42225  2.77519  2.73123  3.46354  2.40513  3.72494  3.29354  2.67741  2.69355  4.24690  2.90347  2.73739  3.18146  2.89801  2.37887  2.77519  2.98518  4.58477  3.61503
          0.02991  3.92034  4.64268  0.61958  0.77255  0.48576  0.95510
     79   2.84580  4.37504  4.19158  3.85608  3.58501  3.77342  4.64950  2.04795  3.72458  2.26366  3.54279  4.03825  4.33118  4.08089  3.93249  3.27987  3.20613  0.96667  5.37757  4.11220     79 v - - -
          2.68618  4.42225  2.77519  2.73123  3.46354  2.40513  3.72494  3.29354  2.67741  2.69355  4.24690  2.90347  2.73739  3.18146  2.89801  2.37887  2.77519  2.98518  4.58477  3.61503
          0.02991  3.92034  4.64268  0.61958  0.77255  0.48576  0.95510
     80   3.17242  4.52407  4.65470  4.13300  3.17424  4.40914  4.76571  1.51801  3.95965  1.21269  3.01457  4.40313  4.66216  4.19126  4.13427  3.77794  3.41487  1.94830  5.19565  4.02423     80 l - - -
          2.68618  4.42225  2.77519  2.73123  3.46354  2.40513  3.72494  3.29354  2.67741  2.69355  4.24690  2.90347  2.73739  3.18146  2.89801  2.37887  2.77519  2.98518  4.58477  3.61503
          0.02991  3.92034  4.64268  0.61958  0.77255  0.48576  0.95510
     81   2.99334  5.11442  2.50767  0.95923  4.46662  3.30483  3.89561  3.93001  2.78214  3.53939  4.51117  2.95994  3.91164  3.11018  3.19604  2.97079  3.29789  3.60886  5.62918  4.35128     81 e - - -
          2.68618  4.42225  2.77519  2.73123  3.46354  2.40513  3.72494  3.29354  2.67741  2.69355  4.24690  2.90347  2.73739  3.18146  2.89801  2.37887  2.77519  2.98518  4.58477  3.61503
          0.02991  3.92034  4.64268  0.61958  0.77255  0.48576  0.95510
     82   0.94694  4.21591  3.51112  3.30449  4.09997  3.03919  4.32089  3.23264  3.32197  3.11205  4.13854  3.44203  3.78292  3.65873  3.56928  2.56575  2.84641  2.87877  5.52234  4.32788     82 a - - -
          2.68618  4.42225  2.77519  2.73123  3.46354  2.40513  3.72494  3.29354  2.67741  2.69355  4.24690  2.90347  2.73739  3.18146  2.89801  2.37887  2.77519  2.98518  4.58477  3.61503
          0.02991  3.92034  4.64268  0.61958  0.77255  0.48576  0.95510
     83   2.72466  4.49552  3.40824  3.31364  4.45539  0.65893  4.43114  4.06651  3.50144  3.71468  4.69069  3.57249  3.88820  3.82178  3.73237  2.89791  3.20961  3.58558  5.53805  4.55885     83 G - - -
          2.68618  4.42225  2.77519  2.73123  3.46354  2.40513  3.72494  3.29354  2.67741  2.69355  4.24690  2.90347  2.73739  3.18146  2.89801  2.37887  2.77519  2.98518  4.58477  3.61503
          0.02991  3.92034  4.64268  0.61958  0.77255  0.48576  0.95510
     84   2.48227  4.56421  2.73282  2.53006  4.24547  3.09854  3.85914  3.76687  2.74020  3.39182  4.23576  1.84875  3.74440  3.06797  3.14405  1.81810  2.87178  3.31630  5.54085  4.18899     84 s - - -
          2.68618  4.42225  2.77519  2.73123  3.46354  2.40513  3.72494  3.29354  2.67741  2.69355  4.24690  2.90347  2.73739  3.18146  2.89801  2.37887  2.77519  2.98518  4.58477  3.61503
          0.02991  3.92034  4.64268  0.61958  0.77255  0.48576  0.95510
     85   2.99334  5.11442  2.50767  0.95923  4.46662  3.30483  3.89561  3.93001  2.78214  3.53939  4.51117  2.95994  3.91164  3.11018  3.19604  2.97079  3.29789  3.60886  5.62918  4.35128     85 e - - -
          2.68618  4.42225  2.77519  2.73123  3.46354  2.40513  3.72494  3.29354  2.67741  2.69355  4.24690  2.90347  2.73739  3.18146  2.89801  2.37887  2.77519  2.98518  4.58477  3.61503
          0.02991  3.92034  4.64268  0.61958  0.77255  0.48576  0.95510
     86   3.17242  4.52407  4.65470  4.13300  3.17424  4.40914  4.76571  1.51801  3.95965  1.21269  3.01457  4.40313  4.66216  4.19126  4.13427  3.77794  3.41487  1.94830  5.19565  4.02423     86 l - - -
          2.68618  4.42225  2.77519  2.73123  3.46354  2.40513  3.72494  3.29354  2.67741  2.69355  4.24690  2.90347  2.73739  3.18146  2.89801  2.37887  2.77519  2.98518  4.58477  3.61503
          0.02991  3.92034  4.64268  0.61958  0.77255  0.48576  0.95510
     87   2.43841  4.28361  3.47049  3.22459  4.01104  3.12133  4.23827  3.14400  3.16851  3.00580  4.05317  3.42638  3.82882  3.56092  3.42496  2.64020  1.09331  2.83386  5.44464  4.22764     87 t - - -
          2.68618  4.42225  2.77519  2.73123  3.46354  2.40513  3.72494  3.29354  2.67741  2.69355  4.24690  2.90347  2.73739  3.18146  2.89801  2.37887  2.77519  2.98518  4.58477  3.61503
          0.02991  3.92034  4.64268  0.61958  0.77255  0.48576  0.95510
     88   3.03628  4.38310  4.65290  4.15789  3.49185  4.32749  4.88880  1.31085  4.03757  2.00281  3.31097  4.39305  4.65977  4.31267  4.24767  3.71162  3.30629  1.29077  5.44274  4.23505     88 v - - -
          2.68618  4.42225  2.77519  2.73123  3.46354  2.40513  3.72494  3.29354  2.67741  2.69355  4.24690  2.90347  2.73739  3.18146  2.89801  2.37887  2.77519  2.98518  4.58477  3.61503
          0.02991  3.92034  4.64268  0.61958  0.77255  0.48576  0.95510
     89   3.01568  4.98158  3.19487  2.80725  4.37894  3.50011  3.78555  3.81117  0.97467  3.36577  4.32455  3.22965  3.99700  2.97424  2.44057  3.05447  3.26534  3.51622  5.41386  4.23347     89 k - - -
          2.68618  4.42225  2.77519  2.73123  3.46354  2.40513  3.72494  3.29354  2.67741  2.69355  4.24690  2.90347  2.73739  3.18146  2.89801  2.37887  2.77519  2.98518  4.58477  3.61503
          0.02991  3.92034  4.64268  0.61958  0.77255  0.48576  0.95510
     90   1.45663  4.18105  3.73768  3.35234  3.79513  3.23413  4.27273  2.56458  3.28351  2.64871  3.71939  3.52082  3.89427  3.60503  3.55921  2.66296  2.82394  1.88134  5.36794  4.14227     90 a - - -
          2.68618  4.42225  2.77519  2.73123  3.46354  2.40513  3.72494  3.29354  2.67741  2.69355  4.24690  2.90347  2.73739  3.18146  2.89801  2.37887  2.77519  2.98518  4.58477  3.61503
          0.02991  3.92034  4.64268  0.61958  0.77255  0.48576  0.95510
     91   2.72466  4.49552  3.40824  3.31364  4.45539  0.65893  4.43114  4.06651  3.50144  3.71468  4.69069  3.57249  3.88820  3.82178  3.73237  2.89791  3.20961  3.58558  5.53805  4.55885     91 G - - -
          2.68618  4.42225  2.77519  2.73123  3.46354  2.40513  3.72494  3.29354  2.67741  2.69355  4.24690  2.90347  2.73739  3.18146  2.89801  2.37887  2.77519  2.98518  4.58477  3.61503
          0.02991  3.92034  4.64268  0.61958  0.77255  0.48576  0.95510
     92   2.72466  4.49552  3.40824  3.31364  4.45539  0.65893  4.43114  4.06651  3.50144  3.71468  4.69069  3.57249  3.88820  3.82178  3.73237  2.89791  3.20961  3.58558  5.53805  4.55885     92 G - - -
          2.68618  4.42225  2.77519  2.73123  3.46354  2.40513  3.72494  3.29354  2.67741  2.69355  4.24690  2.90347  2.73739  3.18146  2.89801  2.37887  2.77519  2.98518  4.58477  3.61503
          0.02991  3.92034  4.64268  0.61958  0.77255  0.48576  0.95510
     93   2.33853  4.25963  3.24797  3.06581  4.12392  2.98862  4.17442  3.65293  3.14280  3.36943  4.29143  3.28304  3.73133  3.48836  3.42746  1.02114  2.82221  3.17757  5.49256  4.20766     93 s - - -
          2.68618  4.42225  2.77519  2.73123  3.46354  2.40513  3.72494  3.29354  2.67741  2.69355  4.24690  2.90347  2.73739  3.18146  2.89801  2.37887  2.77519  2.98518  4.58477  3.61503
          0.02991  3.92034  4.64268  0.61958  0.77255  0.48576  0.95510
     94   3.31922  4.70691  4.30432  4.02783  0.93655  3.99796  3.89845  2.83691  3.93363  2.19590  3.55995  4.07310  4.45541  4.08840  4.04154  3.58675  3.62034  2.83114  4.13319  2.49415     94 f - - -
          2.68618  4.42225  2.77519  2.73123  3.46354  2.40513  3.72494  3.29354  2.67741  2.69355  4.24690  2.90347  2.73739  3.18146  2.89801  2.37887  2.77519  2.98518  4.58477  3.61503
          0.02991  3.92034  4.64268  0.61958  0.77255  0.48576  0.95510
     95   3.03628  4.38310  4.65290  4.15789  3.49185  4.32749  4.88880  1.31085  4.03757  2.00281  3.31097  4.39305  4.65977  4.31267  4.24767  3.71162  3.30629  1.29077  5.44274  4.23505     95 v - - -
          2.68618  4.42225  2.77519  2.73123  3.46354  2.40513  3.72494  3.29354  2.67741  2.69355  4.24690  2.90347  2.73739  3.18146  2.89801  2.37887  2.77519  2.98518  4.58477  3.61503
          0.02991  3.92034  4.64268  0.61958  0.77255  0.48576  0.95510
     96   3.01568  4.98158  3.19487  2.80725  4.37894  3.50011  3.78555  3.81117  0.97467  3.36577  4.32455  3.22965  3.99700  2.97424  2.44057  3.05447  3.26534  3.51622  5.41386  4.23347     96 k - - -
          2.68618  4.42225  2.77519  2.73123  3.46354  2.40513  3.72494  3.29354  2.67741  2.69355  4.24690  2.90347  2.73739  3.18146  2.89801  2.37887  2.77519  2.98518  4.58477  3.61503
          0.02991  3.92034  4.64268  0.61958  0.77255  0.48576  0.95510
     97   2.84580  4.37504  4.19158  3.85608  3.58501  3.77342  4.64950  2.04795  3.72458  2.26366  3.54279  4.03825  4.33118  4.08089  3.93249  3.27987  3.20613  0.96667  5.37757  4.11220     97 v - - -
          2.68618  4.42225  2.77519  2.73123  3.46354  2.40513  3.72494  3.29354  2.67741  2.69355  4.24690  2.90347  2.73739  3.18146  2.89801  2.37887  2.77519  2.98518  4.58477  3.61503
          0.02991  3.92034  4.64268  0.61958  0.77255  0.48576  0.95510
     98   3.04095  5.17674  0.85178  2.36490  4.56016  3.24687  3.97315  4.15921  3.06631  3.75898  4.73802  2.92372  3.90303  3.21230  3.58911  2.99784  3.38051  3.79326  5.71948  4.42502     98 d - - -
          2.68618  4.42225  2.77519  2.73123  3.46354  2.40513  3.72494  3.29354  2.67741  2.69355  4.24690  2.90347  2.73739  3.18146  2.89801  2.37887  2.77519  2.98518  4.58477  3.61503
          0.02991  3.92034  4.64268  0.61958  0.77255  0.48576  0.95510
     99   1.49280  4.22325  3.28015  2.98421  4.12930  3.00662  4.08776  3.43608  3.02432  3.18067  4.07458  3.23210  2.08806  3.35205  3.34976  2.46107  2.74168  3.01125  5.49304  4.26304     99 a - - -
          2.68618  4.42225  2.77519  2.73123  3.46354  2.40513  3.72494  3.29354  2.67741  2.69355  4.24690  2.90347  2.73739  3.18146  2.89801  2.37887  2.77519  2.98518  4.58477  3.61503
          0.02991  3.92034  4.64268  0.61958  0.77255  0.48576  0.95510
    100   1.51641  4.15579  3.29786  3.07419  4.27037  1.65060  4.19301  3.62227  3.18737  3.36632  4.22353  3.25475  3.66770  3.47431  3.49443  2.39803  2.71030  3.10773  5.61110  4.40523    100 a - - -
          2.68618  4.42225  2.77519  2.73123  3.46354  2.40513  3.72494  3.29354  2.67741  2.69355  4.24690  2.90347  2.73739  3.18146  2.89801  2.37887  2.77519  2.98518  4.58477  3.61503
          0.02991  3.92034  4.64268  0.61958  0.77255  0.48576  0.95510
    101   2.72466  4.49552  3.40824  3.31364  4.45539  0.65893  4.43114  4.06651  3.50144  3.71468  4.69069  3.57249  3.88820  3.82178  3.73237  2.89791  3.20961  3.58558  5.53805  4.55885    101 G - - -
          2.68618  4.42225  2.77519  2.73123  3.46354  2.40513  3.72494  3.29354  2.67741  2.69355  4.24690  2.90347  2.73739  3.18146  2.89801  2.37887  2.77519  2.98518  4.58477  3.61503
          0.02991  3.92034  4.64268  0.61958  0.77255  0.48576  0.95510
    102   2.84580  4.37504  4.19158  3.85608  3.58501  3.77342  4.64950  2.04795  3.72458  2.26366  3.54279  4.03825  4.33118  4.08089  3.93249  3.27987  3.20613  0.96667  5.37757  4.11220    102 v - - -
          2.68618  4.42225  2.77519  2.73123  3.46354  2.40513  3.72494  3.29354  2.67741  2.69355  4.24690  2.90347  2.73739  3.18146  2.89801  2.37887  2.77519  2.98518  4.58477  3.61503
          0.02991  3.92034  4.64268  0.61958  0.77255  0.48576  0.95510
    103   3.04741  4.85658  3.17256  2.93723  3.31830  3.48799  1.04543  3.75774  2.77898  3.24574  4.29234  3.34466  4.04311  3.30405  3.04187  3.11763  3.35236  3.49194  4.78275  3.26779    103 h - - -
          2.68618  4.42225  2.77519  2.73123  3.46354  2.40513  3.72494  3.29354  2.67741  2.69355  4.24690  2.90347  2.73739  3.18146  2.89801  2.37887  2.77519  2.98518  4.58477  3.61503
          0.02991  3.92034  4.64268  0.61958  0.77255  0.48576  0.95510
    104   3.01372  4.43337  4.43853  3.94045  3.29946  4.17321  4.64474  1.95069  3.77855  1.43552  3.17090  4.20051  4.52596  4.06645  3.98933  3.54923  3.28407  1.38781  5.22355  4.00828    104 v - - -
          2.68618  4.42225  2.77519  2.73123  3.46354  2.40513  3.72494  3.29354  2.67741  2.69355  4.24690  2.90347  2.73739  3.18146  2.89801  2.37887  2.77519  2.98518  4.58477  3.61503
          0.02991  3.92034  4.64268  0.61958  0.77255  0.48576  0.95510
    105   2.38394  4.18702  3.57115  3.18524  3.74052  3.19963  4.12262  2.76295  3.12496  2.74472  3.73411  3.40452  3.84168  3.45817  3.41484  1.85396  2.78835  1.68104  5.24434  3.98679    105 v - - -
          2.68618  4.42225  2.77519  2.73123  3.46354  2.40513  3.72494  3.29354  2.67741  2.69355  4.24690  2.90347  2.73739  3.18146  2.89801  2.37887  2.77519  2.98518  4.58477  3.61503
          0.02991  3.92034  4.64268  0.61958  0.77255  0.48576  0.95510
    106   2.72466  4.49552  3.40824  3.31364  4.45539  0.65893  4.43114  4.06651  3.50144  3.71468  4.69069  3.57249  3.88820  3.82178  3.73237  2.89791  3.20961  3.58558  5.53805  4.55885    106 G - - -
          2.68618  4.42225  2.77519  2.73123  3.46354  2.40513  3.72494  3.29354  2.67741  2.69355  4.24690  2.90347  2.73739  3.18146  2.89801  2.37887  2.77519  2.98518  4.58477  3.61503
          0.02991  3.92034  4.64268  0.61958  0.77255  0.48576  0.95510
    107   1.54575  4.13181  3.36222  3.08756  4.19936  2.91666  4.16271  3.54298  3.13724  3.29510  4.15221  3.25496  3.66032  3.44047  3.44387  1.51684  2.67926  3.04688  5.56500  4.33780    107 s - - -
          2.68618  4.42225  2.77519  2.73123  3.46354  2.40513  3.72494  3.29354  2.67741  2.69355  4.24690  2.90347  2.73739  3.18146  2.89801  2.37887  2.77519  2.98518  4.58477  3.61503
          0.02991  3.92034  4.64268  0.61958  0.77255  0.48576  0.95510
    108   1.76826  4.31880  3.69752  3.26880  3.50818  3.49088  4.16685  2.48311  3.14996  1.71701  3.46024  3.55373  4.03435  3.50997  3.43002  2.88485  2.95358  2.32850  5.15522  3.90687    108 l - - -
          2.68618  4.42225  2.77519  2.73123  3.46354  2.40513  3.72494  3.29354  2.67741  2.69355  4.24690  2.90347  2.73739  3.18146  2.89801  2.37887  2.77519  2.98518  4.58477  3.61503
          0.02991  3.92034  4.64268  0.61958  0.77255  0.48576  0.95510
    109   3.03628  4.38310  4.65290  4.15789  3.49185  4.32749  4.88880  1.31085  4.03757  2.00281  3.31097  4.39305  4.65977  4.31267  4.24767  3.71162  3.30629  1.29077  5.44274  4.23505    109 v - - -
          2.68618  4.42225  2.77519  2.73123  3.46354  2.40513  3.72494  3.29354  2.67741  2.69355  4.24690  2.90347  2.73739  3.18146  2.89801  2.37887  2.77519  2.98518  4.58477  3.61503
          0.02991  3.92034  4.64268  0.61958  0.77255  0.48576  0.95510
    110   2.76303  4.76136  2.73475  2.62498  4.13236  3.21600  3.95953  3.85292  2.86715  3.49433  4.44921  1.07606  3.87015  3.23227  3.22352  2.82833  3.14641  3.47030  5.43278  4.07718    110 n - - -
          2.68618  4.42225  2.77519  2.73123  3.46354  2.40513  3.72494  3.29354  2.67741  2.69355  4.24690  2.90347  2.73739  3.18146  2.89801  2.37887  2.77519  2.98518  4.58477  3.61503
          0.02991  3.92034  4.64268  0.61958  0.77255  0.48576  0.95510
    111   3.20887  4.65688  4.26634  3.90629  3.15389  4.04295  4.54700  2.36043  3.67357  0.81846  3.16169  4.17713  4.47001  4.03045  3.84186  3.61922  3.50090  2.41021  5.05066  3.78507    111 l - - -
          2.68618  4.42225  2.77519  2.73123  3.46354  2.40513  3.72494  3.29354  2.67741  2.69355  4.24690  2.90347  2.73739  3.18146  2.89801  2.37887  2.77519  2.98518  4.58477  3.61503
          0.02991  3.92034  4.64268  0.61958  0.77255  0.48576  0.95510
    112   2.76303  4.76136  2.73475  2.62498  4.13236  3.21600  3.95953  3.85292  2.86715  3.49433  4.44921  1.07606  3.87015  3.23227  3.22352  2.82833  3.14641  3.47030  5.43278  4.07718    112 n - - -
          2.68618  4.42225  2.77519  2.73123  3.46354  2.40513  3.72494  3.29354  2.67741  2.69355  4.24690  2.90347  2.73739  3.18146  2.89801  2.37887  2.77519  2.98518  4.58477  3.61503
          0.02991  3.92034  4.64268  0.61958  0.77255  0.48576  0.95510
    113   2.33853  4.25963  3.24797  3.06581  4.12392  2.98862  4.17442  3.65293  3.14280  3.36943  4.29143  3.28304  3.73133  3.48836  3.42746  1.02114  2.82221  3.17757  5.49256  4.20766    113 s - - -
          2.68618  4.42225  2.77519  2.73123  3.46354  2.40513  3.72494  3.29354  2.67741  2.69355  4.24690  2.90347  2.73739  3.18146  2.89801  2.37887  2.77519  2.98518  4.58477  3.61503
          0.02991  3.92034  4.64268  0.61958  0.77255  0.48576  0.95510
    114   2.72466  4.49552  3.40824  3.31364  4.45539  0.65893  4.43114  4.06651  3.50144  3.71468  4.69069  3.57249  3.88820  3.82178  3.73237  2.89791  3.20961  3.58558  5.53805  4.55885    114 G - - -
          2.68618  4.42225  2.77519  2.73123  3.46354  2.40513  3.72494  3.29354  2.67741  2.69355  4.24690  2.90347  2.73739  3.18146  2.89801  2.37887  2.77519  2.98518  4.58477  3.61503
          0.02991  3.92034  4.64268  0.61958  0.77255  0.48576  0.95510
    115   2.72466  4.49552  3.40824  3.31364  4.45539  0.65893  4.43114  4.06651  3.50144  3.71468  4.69069  3.57249  3.88820  3.82178  3.73237  2.89791  3.20961  3.58558  5.53805  4.55885    115 G - - -
          2.68618  4.42225  2.77519  2.73123  3.46354  2.40513  3.72494  3.29354  2.67741  2.69355  4.24690  2.90347  2.73739  3.18146  2.89801  2.37887  2.77519  2.98518  4.58477  3.61503
          0.02991  3.92034  4.64268  0.61958  0.77255  0.48576  0.95510
    116   2.33853  4.25963  3.24797  3.06581  4.12392  2.98862  4.17442  3.65293  3.14280  3.36943  4.29143  3.28304  3.73133  3.48836  3.42746  1.02114  2.82221  3.17757  5.49256  4.20766    116 s - - -
          2.68618  4.42225  2.77519  2.73123  3.46354  2.40513  3.72494  3.29354  2.67741  2.69355  4.24690  2.90347  2.73739  3.18146  2.89801  2.37887  2.77519  2.98518  4.58477  3.61503
          0.02991  3.92034  4.64268  0.61958  0.77255  0.48576  0.95510
    117   0.94694  4.21591  3.51112  3.30449  4.09997  3.03919  4.32089  3.23264  3.32197  3.11205  4.13854  3.44203  3.78292  3.65873  3.56928  2.56575  2.84641  2.87877  5.52234  4.32788    117 a - - -
          2.68618  4.42225  2.77519  2.73123  3.46354  2.40513  3.72494  3.29354  2.67741  2.69355  4.24690  2.90347  2.73739  3.18146  2.89801  2.37887  2.77519  2.98518  4.58477  3.61503
          0.02991  3.92034  4.64268  0.61958  0.77255  0.48576  0.95510
    118   2.72466  4.49552  3.40824  3.31364  4.45539  0.65893  4.43114  4.06651  3.50144  3.71468  4.69069  3.57249  3.88820  3.82178  3.73237  2.89791  3.20961  3.58558  5.53805  4.55885    118 G - - -
          2.68618  4.42225  2.77519  2.73123  3.46354  2.40513  3.72494  3.29354  2.67741  2.69355  4.24690  2.90347  2.73739  3.18146  2.89801  2.37887  2.77519  2.98518  4.58477  3.61503
          0.02991  3.92034  4.64268  0.61958  0.77255  0.48576  0.95510
    119   2.33853  4.25963  3.24797  3.06581  4.12392  2.98862  4.17442  3.65293  3.14280  3.36943  4.29143  3.28304  3.73133  3.48836  3.42746  1.02114  2.82221  3.17757  5.49256  4.20766    119 s - - -
          2.68618  4.42225  2.77519  2.73123  3.46354  2.40513  3.72494  3.29354  2.67741  2.69355  4.24690  2.90347  2.73739  3.18146  2.89801  2.37887  2.77519  2.98518  4.58477  3.61503
          0.02991  3.92034  4.64268  0.61958  0.77255  0.48576  0.95510
    120   2.72466  4.49552  3.40824  3.31364  4.45539  0.65893  4.43114  4.06651  3.50144  3.71468  4.69069  3.57249  3.88820  3.82178  3.73237  2.89791  3.20961  3.58558  5.53805  4.55885    120 G - - -
          2.68618  4.42225  2.77519  2.73123  3.46354  2.40513  3.72494  3.29354  2.67741  2.69355  4.24690  2.90347  2.73739  3.18146  2.89801  2.37887  2.77519  2.98518  4.58477  3.61503
          0.02991  3.92034  4.64268  0.61958  0.77255  0.48576  0.95510
    121   2.33853  4.25963  3.24797  3.06581  4.12392  2.98862  4.17442  3.65293  3.14280  3.36943  4.29143  3.28304  3.73133  3.48836  3.42746  1.02114  2.82221  3.17757  5.49256  4.20766    121 s - - -
          2.68618  4.42225  2.77519  2.73123  3.46354  2.40513  3.72494  3.29354  2.67741  2.69355  4.24690  2.90347  2.73739  3.18146  2.89801  2.37887  2.77519  2.98518  4.58477  3.61503
          0.02991  3.92034  4.64268  0.61958  0.77255  0.48576  0.95510
    122   2.72466  4.49552  3.40824  3.31364  4.45539  0.65893  4.43114  4.06651  3.50144  3.71468  4.69069  3.57249  3.88820  3.82178  3.73237  2.89791  3.20961  3.58558  5.53805  4.55885    122 G - - -
          2.68618  4.42225  2.77519  2.73123  3.46354  2.40513  3.72494  3.29354  2.67741  2.69355  4.24690  2.90347  2.73739  3.18146  2.89801  2.37887  2.77519  2.98518  4.58477  3.61503
          0.02991  3.92034  4.64268  0.61958  0.77255  0.48576  0.95510
    123   3.46415  4.76199  4.44150  4.08917  1.38442  4.25008  3.44838  3.17745  3.94847  2.53956  3.78838  3.95301  4.57156  3.98109  4.03164  3.61038  3.69073  3.09730  3.61532  1.26387    123 y - - -
          2.68618  4.42225  2.77519  2.73123  3.46354  2.40513  3.72494  3.29354  2.67741  2.69355  4.24690  2.90347  2.73739  3.18146  2.89801  2.37887  2.77519  2.98518  4.58477  3.61503
          0.02991  3.92034  4.64268  0.61958  0.77255  0.48576  0.95510
    124   2.72466  4.49552  3.40824  3.31364  4.45539  0.65893  4.43114  4.06651  3.50144  3.71468  4.69069  3.57249  3.88820  3.82178  3.73237  2.89791  3.20961  3.58558  5.53805  4.55885    124 G - - -
          2.68618  4.42225  2.77519  2.73123  3.46354  2.40513  3.72494  3.29354  2.67741  2.69355  4.24690  2.90347  2.73739  3.18146  2.89801  2.37887  2.77519  2.98518  4.58477  3.61503
          0.02991  3.92034  4.64268  0.61958  0.77255  0.48576  0.95510
    125   2.72466  4.49552  3.40824  3.31364  4.45539  0.65893  4.43114  4.06651  3.50144  3.71468  4.69069  3.57249  3.88820  3.82178  3.73237  2.89791  3.20961  3.58558  5.53805  4.55885    125 G - - -
          2.68618  4.42225  2.77519  2.73123  3.46354  2.40513  3.72494  3.29354  2.67741  2.69355  4.24690  2.90347  2.73739  3.18146  2.89801  2.37887  2.77519  2.98518  4.58477  3.61503
          0.02991  3.92034  4.64268  0.61958  0.77255  0.48576  0.95510
    126   1.93662  4.68404  3.01776  2.61762  4.17619  3.32144  3.73804  3.47981  1.69619  3.15133  4.03342  3.05694  3.84157  2.91735  2.67893  2.70781  2.93164  3.15118  5.39469  4.12391    126 k - - -
          2.68618  4.42225  2.77519  2.73123  3.46354  2.40513  3.72494  3.29354  2.67741  2.69355  4.24690  2.90347  2.73739  3.18146  2.89801  2.37887  2.77519  2.98518  4.58477  3.61503
          0.02991  3.92034  4.64268  0.61958  0.77255  0.48576  0.95510
    127   3.00690  4.54815  4.10076  3.69780  3.22879  3.86977  4.42186  2.40917  3.46327  1.81625  1.28916  3.96939  4.33062  3.84199  3.66298  3.36102  3.31313  2.42083  5.07600  3.84200    127 m - - -
          2.68618  4.42225  2.77519  2.73123  3.46354  2.40513  3.72494  3.29354  2.67741  2.69355  4.24690  2.90347  2.73739  3.18146  2.89801  2.37887  2.77519  2.98518  4.58477  3.61503
          0.02991  3.92034  4.64268  0.61958  0.77255  0.48576  0.95510
    128   1.49280  4.22325  3.28015  2.98421  4.12930  3.00662  4.08776  3.43608  3.02432  3.18067  4.07458  3.23210  2.08806  3.35205  3.34976  2.46107  2.74168  3.01125  5.49304  4.26304    128 a - - -
          2.68618  4.42225  2.77519  2.73123  3.46354  2.40513  3.72494  3.29354  2.67741  2.69355  4.24690  2.90347  2.73739  3.18146  2.89801  2.37887  2.77519  2.98518  4.58477  3.61503
          0.02991  3.92034  4.64268  0.61958  0.77255  0.48576  0.95510
    129   1.93049  4.80639  2.59972  1.68783  4.25572  3.24128  3.76508  3.56422  2.61779  3.25748  4.13940  2.89560  3.80817  2.94799  3.05158  2.69056  2.96674  3.22582  5.53067  4.18759    129 e - - -
          2.68618  4.42225  2.77519  2.73123  3.46354  2.40513  3.72494  3.29354  2.67741  2.69355  4.24690  2.90347  2.73739  3.18146  2.89801  2.37887  2.77519  2.98518  4.58477  3.61503
          0.02991  3.92034  4.64268  0.61958  0.77255  0.48576  0.95510
    130   3.20887  4.65688  4.26634  3.90629  3.15389  4.04295  4.54700  2.36043  3.67357  0.81846  3.16169  4.17713  4.47001  4.03045  3.84186  3.61922  3.50090  2.41021  5.05066  3.78507    130 l - - -
          2.68618  4.42225  2.77519  2.73123  3.46354  2.40513  3.72494  3.29354  2.67741  2.69355  4.24690  2.90347  2.73739  3.18146  2.89801  2.37887  2.77519  2.98518  4.58477  3.61503
          0.02991  3.92034  4.64268  0.61958  0.77255  0.48576  0.95510
    131   2.81506  4.56462  3.42737  3.27319  4.26453  3.24941  4.34684  3.82208  3.33455  3.44380  4.49559  3.57515  0.74327  3.72188  3.57479  2.98401  3.26036  3.46202  5.43812  4.38580    131 p - - -
          2.68618  4.42225  2.77519  2.73123  3.46354  2.40513  3.72494  3.29354  2.67741  2.69355  4.24690  2.90347  2.73739  3.18146  2.89801  2.37887  2.77519  2.98518  4.58477  3.61503
          0.02991  3.92034  4.64268  0.61958  0.77255  0.48576  0.95510
    132   2.65553  4.77051  2.73465  2.48360  4.26182  2.08688  3.77260  3.74992  2.53425  3.32986  4.19447  2.96302  3.81421  1.84937  2.90415  2.70039  2.97697  3.36937  5.48418  4.16787    132 q - - -
          2.68618  4.42225  2.77519  2.73123  3.46354  2.40513  3.72494  3.29354  2.67741  2.69355  4.24690  2.90347  2.73739  3.18146  2.89801  2.37887  2.77519  2.98518  4.58477  3.61503
          0.02991  3.92034  4.64268  0.61958  0.77255  0.48576  0.95510
    133   2.72466  4.49552  3.40824  3.31364  4.45539  0.65893  4.43114  4.06651  3.50144  3.71468  4.69069  3.57249  3.88820  3.82178  3.73237  2.89791  3.20961  3.58558  5.53805  4.55885    133 G - - -
          2.68618  4.42225  2.77519  2.73123  3.46354  2.40513  3.72494  3.29354  2.67741  2.69355  4.24690  2.90347  2.73739  3.18146  2.89801  2.37887  2.77519  2.98518  4.58477  3.61503
          0.02991  3.92034  4.64268  0.61958  0.77255  0.48576  0.95510
    134   3.01372  4.43337  4.43853  3.94045  3.29946  4.17321  4.64474  1.95069  3.77855  1.43552  3.17090  4.20051  4.52596  4.06645  3.98933  3.54923  3.28407  1.38781  5.22355  4.00828    134 v - - -
          2.68618  4.42225  2.77519  2.73123  3.46354  2.40513  3.72494  3.29354  2.67741  2.69355  4.24690  2.90347  2.73739  3.18146  2.89801  2.37887  2.77519  2.98518  4.58477  3.61503
          0.02991  3.92034  4.64268  0.61958  0.77255  0.48576  0.95510
    135   2.91427  5.45655  1.48657  1.55460  4.74215  3.19212  3.73746  4.25139  2.75232  3.76740  4.62680  2.66154  3.81338  2.90654  3.34052  2.80196  3.20346  3.83469  5.92220  4.42891    135 d - - -
          2.68618  4.42225  2.77519  2.73123  3.46354  2.40513  3.72494  3.29354  2.67741  2.69355  4.24690  2.90347  2.73739  3.18146  2.89801  2.37887  2.77519  2.98518  4.58477  3.61503
          0.02991  3.92034  4.64268  0.61958  0.77255  0.48576  0.95510
    136   2.72692  4.84195  2.94183  2.55320  4.27578  3.36509  3.69707  3.68497  1.62606  3.25931  4.12452  3.02125  2.31963  2.86401  2.60603  2.76423  2.99757  3.34184  5.41998  4.14817    136 k - - -
          2.68618  4.42225  2.77519  2.73123  3.46354  2.40513  3.72494  3.29354  2.67741  2.69355  4.24690  2.90347  2.73739  3.18146  2.89801  2.37887  2.77519  2.98518  4.58477  3.61503
          0.02991  3.92034  4.64268  0.61958  0.77255  0.48576  0.95510
    137   0.94694  4.21591  3.51112  3.30449  4.09997  3.03919  4.32089  3.23264  3.32197  3.11205  4.13854  3.44203  3.78292  3.65873  3.56928  2.56575  2.84641  2.87877  5.52234  4.32788    137 a - - -
          2.68618  4.42225  2.77519  2.73123  3.46354  2.40513  3.72494  3.29354  2.67741  2.69355  4.24690  2.90347  2.73739  3.18146  2.89801  2.37887  2.77519  2.98518  4.58477  3.61503
          0.23538  3.92034  1.66127  0.61958  0.77255  0.48576  0.95510
    138   2.84132  4.78528  3.00701  2.66607  4.13672  3.33994  3.69233  3.55803  1.26850  3.16014  4.13662  3.09480  3.85673  2.89767  2.42842  2.89732  3.10973  3.27665  5.25945  4.05255    138 k - - -
          2.68618  4.42225  2.77519  2.73123  3.46354  2.40513  3.72494  3.29354  2.67741  2.69355  4.24690  2.90347  2.73739  3.18146  2.89801  2.37887  2.77519  2.98518  4.58477  3.61503
          0.03661  3.72156  4.44391  0.61958  0.77255  0.64505  0.74367
    139   2.34330  4.18550  3.30401  3.05726  3.84455  3.02752  4.08473  2.95397  2.99710  2.82220  3.88882  3.28678  3.72185  3.40161  3.25903  2.54363  1.45798  2.66559  5.29656  4.06323    139 t - - -
          2.68618  4.42225  2.77519  2.73123  3.46354  2.40513  3.72494  3.29354  2.67741  2.69355  4.24690  2.90347  2.73739  3.18146  2.89801  2.37887  2.77519  2.98518  4.58477  3.61503
          0.03661  3.72156  4.44391  0.61958  0.77255  0.64505  0.74367
    140   2.57251  4.34736  3.16462  2.98756  3.98284  3.04373  4.07242  3.49490  3.03276  3.13634  4.18484  3.30611  1.16397  3.42672  3.28998  2.73694  3.00393  3.15728  5.20553  4.10385    140 p - - -
          2.68618  4.42225  2.77519  2.73123  3.46354  2.40513  3.72494  3.29354  2.67741  2.69355  4.24690  2.90347  2.73739  3.18146  2.89801  2.37887  2.77519  2.98518  4.58477  3.61503
          0.03661  3.72156  4.44391  0.61958  0.77255  0.64505  0.74367
    141   2.77269  4.74076  2.81667  2.57663  3.88657  3.27171  3.73089  3.50062  2.41042  3.01757  4.05744  3.03203  3.82792  1.53172  2.69457  2.83053  3.07352  3.24219  5.18998  3.87541    141 q - - -
          2.68618  4.42225  2.77519  2.73123  3.46354  2.40513  3.72494  3.29354  2.67741  2.69355  4.24690  2.90347  2.73739  3.18146  2.89801  2.37887  2.77519  2.98518  4.58477  3.61503
          0.03661  3.72156  4.44391  0.61958  0.77255  0.64505  0.74367
    142   2.83315  4.89374  2.44599  1.26361  4.22302  3.18396  3.76721  3.64678  2.62921  3.29200  4.28021  2.86773  3.78358  2.99104  3.01635  2.83614  3.13885  3.34918  5.42424  4.15430    142 e - - -
          2.68618  4.42225  2.77519  2.73123  3.46354  2.40513  3.72494  3.29354  2.67741  2.69355  4.24690  2.90347  2.73739  3.18146  2.89801  2.37887  2.77519  2.98518  4.58477  3.61503
          0.03661  3.72156  4.44391  0.61958  0.77255  0.64505  0.74367
    143   2.91264  4.38284  4.10542  3.72149  3.27921  3.88946  4.48188  1.28906  3.54579  1.90571  3.24756  3.98795  4.34186  3.91418  3.75986  3.37614  3.21754  1.86452  5.13311  3.85309    143 i - - -
          2.68618  4.42225  2.77519  2.73123  3.46354  2.40513  3.72494  3.29354  2.67741  2.69355  4.24690  2.90347  2.73739  3.18146  2.89801  2.37887  2.77519  2.98518  4.58477  3.61503
          0.03661  3.72156  4.44391  0.61958  0.77255  0.64505  0.74367
    144   2.83315  4.89374  2.44599  1.26361  4.22302  3.18396  3.76721  3.64678  2.62921  3.29200  4.28021  2.86773  3.78358  2.99104  3.01635  2.83614  3.13885  3.34918  5.42424  4.15430    144 e - - -
          2.68618  4.42225  2.77519  2.73123  3.46354  2.40513  3.72494  3.29354  2.67741  2.69355  4.24690  2.90347  2.73739  3.18146  2.89801  2.37887  2.77519  2.98518  4.58477  3.61503
          0.03661  3.72156  4.44391  0.61958  0.77255  0.39767  1.11439
    145   3.03022  4.45150  4.44406  3.94359  3.26317  4.18313  4.63958  1.98083  3.77874  1.32409  3.13114  4.20647  4.52815  4.05919  3.98538  3.55799  3.29822  1.49474  5.20155  3.99524    145 l - - -
          2.68618  4.42225  2.77519  2.73123  3.46354  2.40513  3.72494  3.29354  2.67741  2.69355  4.24690  2.90347  2.73739  3.18146  2.89801  2.37887  2.77519  2.98518  4.58477  3.61503
          0.02991  3.92034  4.64268  0.61958  0.77255  0.48576  0.95510
    146   1.48719  4.13765  3.49152  3.16406  4.06431  2.99885  4.17626  3.17427  3.14197  3.06514  3.99157  3.32627  3.71728  3.46616  3.43513  2.44552  1.81183  2.79675  5.48573  4.27337    146 a - - -
          2.68618  4.42225  2.77519  2.73123  3.46354  2.40513  3.72494  3.29354  2.67741  2.69355  4.24690  2.90347  2.73739  3.18146  2.89801  2.37887  2.77519  2.98518  4.58477  3.61503
          0.02991  3.92034  4.64268  0.61958  0.77255  0.48576  0.95510
    147   1.76826  4.31880  3.69752  3.26880  3.50818  3.49088  4.16685  2.48311  3.14996  1.71701  3.46024  3.55373  4.03435  3.50997  3.43002  2.88485  2.95358  2.32850  5.15522  3.90687    147 l - - -
          2.68618  4.42225  2.77519  2.73123  3.46354  2.40513  3.72494  3.29354  2.67741  2.69355  4.24690  2.90347  2.73739  3.18146  2.89801  2.37887  2.77519  2.98518  4.58477  3.61503
          0.02991  3.92034  4.64268  0.61958  0.77255  0.48576  0.95510
    148   1.79681  4.20288  3.86161  3.45982  3.71924  3.38424  4.34466  2.32264  3.38192  2.51985  3.62619  3.63808  4.00587  3.69956  3.64746  2.80504  2.89293  1.49448  5.34714  4.12363    148 v - - -
          2.68618  4.42225  2.77519  2.73123  3.46354  2.40513  3.72494  3.29354  2.67741  2.69355  4.24690  2.90347  2.73739  3.18146  2.89801  2.37887  2.77519  2.98518  4.58477  3.61503
          0.02991  3.92034  4.64268  0.61958  0.77255  0.48576  0.95510
    149   2.34184  4.27754  3.24610  2.91594  4.06757  3.06729  4.01728  3.37226  2.91197  3.10795  4.00917  3.20772  2.15022  3.27035  3.24367  2.50468  1.72644  2.98358  5.43045  4.18830    149 t - - -
          2.68618  4.42225  2.77519  2.73123  3.46354  2.40513  3.72494  3.29354  2.67741  2.69355  4.24690  2.90347  2.73739  3.18146  2.89801  2.37887  2.77519  2.98518  4.58477  3.61503
          0.02991  3.92034  4.64268  0.61958  0.77255  0.48576  0.95510
    150   2.81506  4.56462  3.42737  3.27319  4.26453  3.24941  4.34684  3.82208  3.33455  3.44380  4.49559  3.57515  0.74327  3.72188  3.57479  2.98401  3.26036  3.46202  5.43812  4.38580    150 p - - -
          2.68618  4.42225  2.77519  2.73123  3.46354  2.40513  3.72494  3.29354  2.67741  2.69355  4.24690  2.90347  2.73739  3.18146  2.89801  2.37887  2.77519  2.98518  4.58477  3.61503
          0.02991  3.92034  4.64268  0.61958  0.77255  0.48576  0.95510
    151   2.59989  4.64106  2.95373  2.58922  4.05206  3.29802  3.75503  3.42125  2.47827  3.05790  3.96310  3.03838  3.82736  2.10047  2.82166  2.68261  1.95432  3.10667  5.34772  4.05038    151 t - - -
          2.68618  4.42225  2.77519  2.73123  3.46354  2.40513  3.72494  3.29354  2.67741  2.69355  4.24690  2.90347  2.73739  3.18146  2.89801  2.37887  2.77519  2.98518  4.58477  3.61503
          0.02991  3.92034  4.64268  0.61958  0.77255  0.48576  0.95510
    152   2.61377  4.67087  2.93717  2.57279  4.07540  3.30486  3.74401  3.44987  2.45495  3.07747  3.98117  3.02771  3.82954  1.96732  2.79814  2.68881  2.08795  3.13360  5.35944  4.05879    152 q - - -
          2.68618  4.42225  2.77519  2.73123  3.46354  2.40513  3.72494  3.29354  2.67741  2.69355  4.24690  2.90347  2.73739  3.18146  2.89801  2.37887  2.77519  2.98518  4.58477  3.61503
          0.02991  3.92034  4.64268  0.61958  0.77255  0.48576  0.95510
    153   2.73523  4.55133  3.32153  2.85405  3.56104  3.57938  3.85448  2.06708  2.64175  2.43199  3.53385  3.28309  4.00356  2.09347  2.95350  2.90801  2.98560  2.60830  5.08669  3.79790    153 i - - -
          2.68618  4.42225  2.77519  2.73123  3.46354  2.40513  3.72494  3.29354  2.67741  2.69355  4.24690  2.90347  2.73739  3.18146  2.89801  2.37887  2.77519  2.98518  4.58477  3.61503
          0.02991  3.92034  4.64268  0.61958  0.77255  0.48576  0.95510
    154   2.33853  4.25963  3.24797  3.06581  4.12392  2.98862  4.17442  3.65293  3.14280  3.36943  4.29143  3.28304  3.73133  3.48836  3.42746  1.02114  2.82221  3.17757  5.49256  4.20766    154 s - - -
          2.68618  4.42225  2.77519  2.73123  3.46354  2.40513  3.72494  3.29354  2.67741  2.69355  4.24690  2.90347  2.73739  3.18146  2.89801  2.37887  2.77519  2.98518  4.58477  3.61503
          0.02991  3.92034  4.64268  0.61958  0.77255  0.48576  0.95510
    155   2.84695  4.39239  3.90694  3.39205  2.78151  3.82717  3.88151  2.59013  3.22272  2.07553  2.07468  3.66389  4.19403  3.52841  3.46109  3.14197  3.08693  2.50723  4.44748  2.10307    155 m - - -
          2.68618  4.42225  2.77519  2.73123  3.46354  2.40513  3.72494  3.29354  2.67741  2.69355  4.24690  2.90347  2.73739  3.18146  2.89801  2.37887  2.77519  2.98518  4.58477  3.61503
          0.02991  3.92034  4.64268  0.61958  0.77255  0.48576  0.95510
    156   2.59112  4.69620  2.80833  2.50636  4.16136  3.23862  3.74698  3.64778  2.49808  3.24248  4.10292  2.97082  3.79767  2.06943  2.86419  1.82344  2.91283  3.27424  5.42269  4.08854    156 s - - -
          2.68618  4.42225  2.77519  2.73123  3.46354  2.40513  3.72494  3.29354  2.67741  2.69355  4.24690  2.90347  2.73739  3.18146  2.89801  2.37887  2.77519  2.98518  4.58477  3.61503
          0.02991  3.92034  4.64268  0.61958  0.77255  0.48576  0.95510
    157   1.60667  4.23271  3.26456  2.97527  4.13487  3.01023  4.08599  3.44247  3.01866  3.18543  4.08251  3.22864  1.90576  3.34923  3.34422  2.46740  2.74906  3.01880  5.49709  4.26557    157 a - - -
          2.68618  4.42225  2.77519  2.73123  3.46354  2.40513  3.72494  3.29354  2.67741  2.69355  4.24690  2.90347  2.73739  3.18146  2.89801  2.37887  2.77519  2.98518  4.58477  3.61503
          0.02991  3.92034  4.64268  0.61958  0.77255  0.48576  0.95510
    158   3.20887  4.65688  4.26634  3.90629  3.15389  4.04295  4.54700  2.36043  3.67357  0.81846  3.16169  4.17713  4.47001  4.03045  3.84186  3.61922  3.50090  2.41021  5.05066  3.78507    158 l - - -
          2.68618  4.42225  2.77519  2.73123  3.46354  2.40513  3.72494  3.29354  2.67741  2.69355  4.24690  2.90347  2.73739  3.18146  2.89801  2.37887  2.77519  2.98518  4.58477  3.61503
          0.02991  3.92034  4.64268  0.61958  0.77255  0.48576  0.95510
    159   3.20887  4.65688  4.26634  3.90629  3.15389  4.04295  4.54700  2.36043  3.67357  0.81846  3.16169  4.17713  4.47001  4.03045  3.84186  3.61922  3.50090  2.41021  5.05066  3.78507    159 l - - -
          2.68618  4.42225  2.77519  2.73123  3.46354  2.40513  3.72494  3.29354  2.67741  2.69355  4.24690  2.90347  2.73739  3.18146  2.89801  2.37887  2.77519  2.98518  4.58477  3.61503
          0.02991  3.92034  4.64268  0.61958  0.77255  0.48576  0.95510
    160   2.89455  5.09093  2.98995  2.54860  4.44957  3.49283  3.60724  3.86051  1.52683  3.34629  4.21024  3.01854  3.92274  2.00502  2.30856  2.88199  3.10154  3.52951  5.44688  4.19133    160 k - - -
          2.68618  4.42225  2.77519  2.73123  3.46354  2.40513  3.72494  3.29354  2.67741  2.69355  4.24690  2.90347  2.73739  3.18146  2.89801  2.37887  2.77519  2.98518  4.58477  3.61503
          0.02991  3.92034  4.64268  0.61958  0.77255  0.48576  0.95510
    161   0.94694  4.21591  3.51112  3.30449  4.09997  3.03919  4.32089  3.23264  3.32197  3.11205  4.13854  3.44203  3.78292  3.65873  3.56928  2.56575  2.84641  2.87877  5.52234  4.32788    161 a - - -
          2.68618  4.42225  2.77519  2.73123  3.46354  2.40513  3.72494  3.29354  2.67741  2.69355  4.24690  2.90347  2.73739  3.18146  2.89801  2.37887  2.77519  2.98518  4.58477  3.61503
          0.02991  3.92034  4.64268  0.61958  0.77255  0.48576  0.95510
    162   2.83134  5.04518  2.87341  1.86738  4.39315  3.43575  3.62884  3.80508  2.16343  3.32762  4.18203  2.97249  3.88607  2.77664  1.75560  2.82225  3.05572  3.46808  5.45518  4.17448    162 r - - -
          2.68618  4.42225  2.77519  2.73123  3.46354  2.40513  3.72494  3.29354  2.67741  2.69355  4.24690  2.90347  2.73739  3.18146  2.89801  2.37887  2.77519  2.98518  4.58477  3.61503
          0.02991  3.92034  4.64268  0.61958  0.77255  0.48576  0.95510
    163   2.91863  4.90601  2.93445  2.68974  4.08095  3.39756  3.84854  3.71886  2.50719  3.21648  4.24282  3.14996  3.95159  1.15134  2.79051  2.96428  3.21548  3.44550  5.34441  4.04126    163 q - - -
          2.68618  4.42225  2.77519  2.73123  3.46354  2.40513  3.72494  3.29354  2.67741  2.69355  4.24690  2.90347  2.73739  3.18146  2.89801  2.37887  2.77519  2.98518  4.58477  3.61503
          0.02991  3.92034  4.64268  0.61958  0.77255  0.48576  0.95510
    164   1.94255  4.27975  3.94933  3.50160  3.54795  3.66427  4.35328  1.55522  3.40013  2.27872  3.44656  3.75677  4.17607  3.72659  3.66565  3.05124  3.00930  1.97277  5.24434  4.01784    164 i - - -
          2.68618  4.42225  2.77519  2.73123  3.46354  2.40513  3.72494  3.29354  2.67741  2.69355  4.24690  2.90347  2.73739  3.18146  2.89801  2.37887  2.77519  2.98518  4.58477  3.61503
          0.02991  3.92034  4.64268  0.61958  0.77255  0.48576  0.95510
    165   2.83046  5.21563  2.30564  1.56024  4.53139  3.23730  3.71149  4.02315  2.58872  3.56937  4.42143  1.94609  3.81814  2.87917  3.06693  2.76855  3.11205  3.63507  5.71925  4.29405    165 e - - -
          2.68618  4.42225  2.77519  2.73123  3.46354  2.40513  3.72494  3.29354  2.67741  2.69355  4.24690  2.90347  2.73739  3.18146  2.89801  2.37887  2.77519  2.98518  4.58477  3.61503
          0.23538  3.92034  1.66127  0.61958  0.77255  0.48576  0.95510
    166   1.25682  4.12843  3.31682  3.10874  3.90807  2.95523  4.14753  3.01248  3.12102  2.89956  3.95480  3.29425  3.68077  3.47830  3.37791  2.48340  2.75053  2.69415  5.35105  4.13552    166 a - - -
          2.68618  4.42225  2.77519  2.73123  3.46354  2.40513  3.72494  3.29354  2.67741  2.69355  4.24690  2.90347  2.73739  3.18146  2.89801  2.37887  2.77519  2.98518  4.58477  3.61503
          0.03661  3.72156  4.44391  0.61958  0.77255  0.64505  0.74367
    167   2.99042  4.50143  3.94174  3.58840  3.08917  3.78164  4.29160  2.29475  3.35732  1.08800  3.17295  3.87733  4.24821  3.76249  3.55522  3.34516  3.29461  2.29132  4.90631  3.59268    167 l - - -
          2.68618  4.42225  2.77519  2.73123  3.46354  2.40513  3.72494  3.29354  2.67741  2.69355  4.24690  2.90347  2.73739  3.18146  2.89801  2.37887  2.77519  2.98518  4.58477  3.61503
          0.03661  3.72156  4.44391  0.61958  0.77255  0.64505  0.74367
    168   2.84132  4.78528  3.00701  2.66607  4.13672  3.33994  3.69233  3.55803  1.26850  3.16014  4.13662  3.09480  3.85673  2.89767  2.42842  2.89732  3.10973  3.27665  5.25945  4.05255    168 k - - -
          2.68618  4.42225  2.77519  2.73123  3.46354  2.40513  3.72494  3.29354  2.67741  2.69355  4.24690  2.90347  2.73739  3.18146  2.89801  2.37887  2.77519  2.98518  4.58477  3.61503
          0.03661  3.72156  4.44391  0.61958  0.77255  0.64505  0.74367
    169   2.49629  4.27861  3.13800  3.02228  4.15217  1.00600  4.14556  3.72044  3.18177  3.39284  4.37297  3.30413  3.66492  3.51943  3.42835  2.66516  2.96611  3.27906  5.28122  4.25125    169 g - - -
          2.68618  4.42225  2.77519  2.73123  3.46354  2.40513  3.72494  3.29354  2.67741  2.69355  4.24690  2.90347  2.73739  3.18146  2.89801  2.37887  2.77519  2.98518  4.58477  3.61503
          0.03661  3.72156  4.44391  0.61958  0.77255  0.64505  0.74367
    170   2.57251  4.34736  3.16462  2.98756  3.98284  3.04373  4.07242  3.49490  3.03276  3.13634  4.18484  3.30611  1.16397  3.42672  3.28998  2.73694  3.00393  3.15728  5.20553  4.10385    170 p - - -
          2.68618  4.42225  2.77519  2.73123  3.46354  2.40513  3.72494  3.29354  2.67741  2.69355  4.24690  2.90347  2.73739  3.18146  2.89801  2.37887  2.77519  2.98518  4.58477  3.61503
          0.03661  3.72156  4.44391  0.61958  0.77255  0.39767  1.11439
    171   1.65884  4.19410  3.81255  3.41275  3.74089  3.32853  4.31026  2.40646  3.33863  2.56282  3.65388  3.59014  3.96263  3.65664  3.60943  2.75034  2.86505  1.62677  5.34653  4.12283    171 v - - -
          2.68618  4.42225  2.77519  2.73123  3.46354  2.40513  3.72494  3.29354  2.67741  2.69355  4.24690  2.90347  2.73739  3.18146  2.89801  2.37887  2.77519  2.98518  4.58477  3.61503
          0.02991  3.92034  4.64268  0.61958  0.77255  0.48576  0.95510
    172   2.81506  4.56462  3.42737  3.27319  4.26453  3.24941  4.34684  3.82208  3.33455  3.44380  4.49559  3.57515  0.74327  3.72188  3.57479  2.98401  3.26036  3.46202  5.43812  4.38580    172 p - - -
          2.68618  4.42225  2.77519  2.73123  3.46354  2.40513  3.72494  3.29354  2.67741  2.69355  4.24690  2.90347  2.73739  3.18146  2.89801  2.37887  2.77519  2.98518  4.58477  3.61503
          0.02991  3.92034  4.64268  0.61958  0.77255  0.48576  0.95510
    173   1.79681  4.20288  3.86161  3.45982  3.71924  3.38424  4.34466  2.32264  3.38192  2.51985  3.62619  3.63808  4.00587  3.69956  3.64746  2.80504  2.89293  1.49448  5.34714  4.12363    173 v - - -
          2.68618  4.42225  2.77519  2.73123  3.46354  2.40513  3.72494  3.29354  2.67741  2.69355  4.24690  2.90347  2.73739  3.18146  2.89801  2.37887  2.77519  2.98518  4.58477  3.61503
          0.02991  3.92034  4.64268  0.61958  0.77255  0.48576  0.95510
    174   2.55752  2.13182  4.24357  3.78098  3.53441  3.51552  4.43741  2.17406  3.63021  2.35855  3.48101  3.85091  4.10292  3.90893  3.82182  2.93441  2.92980  1.51479  5.19761  3.97698    174 v - - -
          2.68618  4.42225  2.77519  2.73123  3.46354  2.40513  3.72494  3.29354  2.67741  2.69355  4.24690  2.90347  2.73739  3.18146  2.89801  2.37887  2.77519  2.98518  4.58477  3.61503
          0.02991  3.92034  4.64268  0.61958  0.77255  0.48576  0.95510
    175   2.84115  5.15635  2.60499  1.68693  4.49610  3.36355  3.64339  3.91229  1.74982  3.43563  4.28150  2.86573  3.85848  2.79082  2.62968  2.80051  3.07829  3.55456  5.57133  4.24029    175 e - - -
          2.68618  4.42225  2.77519  2.73123  3.46354  2.40513  3.72494  3.29354  2.67741  2.69355  4.24690  2.90347  2.73739  3.18146  2.89801  2.37887  2.77519  2.98518  4.58477  3.61503
          0.02991  3.92034  4.64268  0.61958  0.77255  0.48576  0.95510
    176   2.84580  4.37504  4.19158  3.85608  3.58501  3.77342  4.64950  2.04795  3.72458  2.26366  3.54279  4.03825  4.33118  4.08089  3.93249  3.27987  3.20613  0.96667  5.37757  4.11220    176 v - - -
          2.68618  4.42225  2.77519  2.73123  3.46354  2.40513  3.72494  3.29354  2.67741  2.69355  4.24690  2.90347  2.73739  3.18146  2.89801  2.37887  2.77519  2.98518  4.58477  3.61503
          0.02991  3.92034  4.64268  0.61958  0.77255  0.48576  0.95510
    177   2.64079  0.84833  4.17119  3.92162  3.90182  3.25376  4.55816  3.05352  3.74876  2.96692  4.08972  3.89583  3.96451  4.09289  3.86472  2.91255  3.11155  2.79491  5.30803  4.18921    177 c - - -
          2.68618  4.42225  2.77519  2.73123  3.46354  2.40513  3.72494  3.29354  2.67741  2.69355  4.24690  2.90347  2.73739  3.18146  2.89801  2.37887  2.77519  2.98518  4.58477  3.61503
          0.02991  3.92034  4.64268  0.61958  0.77255  0.48576  0.95510
    178   2.74451  4.97204  2.51896  1.61047  4.36455  3.26179  3.73966  3.79952  2.58181  3.38754  4.25141  2.85693  2.26298  2.91413  3.02432  2.73907  3.03485  3.43784  5.57402  4.22472    178 e - - -
          2.68618  4.42225  2.77519  2.73123  3.46354  2.40513  3.72494  3.29354  2.67741  2.69355  4.24690  2.90347  2.73739  3.18146  2.89801  2.37887  2.77519  2.98518  4.58477  3.61503
          0.02991  3.92034  4.64268  0.61958  0.77255  0.48576  0.95510
    179   2.75611  4.72488  2.93149  1.83426  3.79091  3.46902  3.78915  3.04061  2.59496  1.99792  3.75147  3.08750  3.93387  3.00836  2.96421  2.84851  3.00859  2.84696  5.23538  3.91925    179 e - - -
          2.68618  4.42225  2.77519  2.73123  3.46354  2.40513  3.72494  3.29354  2.67741  2.69355  4.24690  2.90347  2.73739  3.18146  2.89801  2.37887  2.77519  2.98518  4.58477  3.61503
          0.02991  3.92034  4.64268  0.61958  0.77255  0.48576  0.95510
    180   0.94694  4.21591  3.51112  3.30449  4.09997  3.03919  4.32089  3.23264  3.32197  3.11205  4.13854  3.44203  3.78292  3.65873  3.56928  2.56575  2.84641  2.87877  5.52234  4.32788    180 a - - -
          2.68618  4.42225  2.77519  2.73123  3.46354  2.40513  3.72494  3.29354  2.67741  2.69355  4.24690  2.90347  2.73739  3.18146  2.89801  2.37887  2.77519  2.98518  4.58477  3.61503
          0.02991  3.92034  4.64268  0.61958  0.77255  0.48576  0.95510
    181   2.70273  4.80730  2.87192  2.54780  4.33179  2.10692  3.74089  3.75615  1.61791  3.33572  4.19238  3.01293  3.84375  2.91527  2.69699  2.74599  3.00129  3.38473  5.47279  4.20397    181 k - - -
          2.68618  4.42225  2.77519  2.73123  3.46354  2.40513  3.72494  3.29354  2.67741  2.69355  4.24690  2.90347  2.73739  3.18146  2.89801  2.37887  2.77519  2.98518  4.58477  3.61503
          0.02991  3.92034  4.64268  0.61958  0.77255  0.48576  0.95510
    182   1.51641  4.15579  3.29786  3.07419  4.27037  1.65060  4.19301  3.62227  3.18737  3.36632  4.22353  3.25475  3.66770  3.47431  3.49443  2.39803  2.71030  3.10773  5.61110  4.40523    182 a - - -
          2.68618  4.42225  2.77519  2.73123  3.46354  2.40513  3.72494  3.29354  2.67741  2.69355  4.24690  2.90347  2.73739  3.18146  2.89801  2.37887  2.77519  2.98518  4.58477  3.61503
          0.02991  3.92034  4.64268  0.61958  0.77255  0.48576  0.95510
    183   2.76303  4.76136  2.73475  2.62498  4.13236  3.21600  3.95953  3.85292  2.86715  3.49433  4.44921  1.07606  3.87015  3.23227  3.22352  2.82833  3.14641  3.47030  5.43278  4.07718    183 n - - -
          2.68620  4.42227  2.77522  2.73126  3.46356  2.40515  3.72497  3.29356  2.67743  2.69357  4.24692  2.90349  2.73742  3.18149  2.89803  2.37862  2.77522  2.98521  4.58479  3.61505
          0.22570  1.59926        *  0.28248  1.40206  0.00000        *
//
